4
TRAINING,9,3.79522908255,1.87337347884,2.53864042821E-4
TRAINING,3,3.96835302752,2.96374940725,1.05342447344E-4
TRAINING,5,1.23010475466,1.09069611607,0.297673644124
TRAINING,9,3.2298582522,0.333765514499,0.00117561910358
TRAINING,9,2.0970177362,0.66957260279,0.0659619499157
TRAINING,3,1.91371853716,3.05960482656,0.28676846434
TRAINING,3,2.79609605543,3.49808737979,0.0180848662841
TRAINING,5,0.916387294423,2.05965932709,0.712413631993
TRAINING,3,3.7032495123,3.75694645919,2.41177335747E-4
TRAINING,3,1.76661525094,3.65710685575,0.218836940064
TRAINING,3,3.39756765987,2.57382296169,0.00264473744421
TRAINING,5,1.34445281055,1.50634594261,0.406026128242
TRAINING,9,3.06319052226,1.13167437007,0.00461157196505
TRAINING,3,2.29348968704,3.57699809649,0.0795201073305
TRAINING,9,1.95047307006,0.779519465445,0.0974002076572
TRAINING,5,1.36130791319,1.99641223091,0.603754821982
TRAINING,9,1.74949855322,0.34261945863,0.0974005965315
TRAINING,3,3.14883003189,2.86422547685,0.00741205463507
TRAINING,5,0.808965970122,0.915348954589,0.25980409009
TRAINING,5,1.94301757498,1.74987278022,0.233138244368
TRAINING,3,1.84434655736,3.74574854075,0.178135844401
TRAINING,9,3.78586205148,0.734361041026,9.86729724096E-5
TRAINING,3,3.70551654694,3.70496414929,2.49734874236E-4
TRAINING,5,1.65517897378,1.9060371725,0.41923905456
TRAINING,3,3.51253233406,2.40483577294,0.00149944714343
TRAINING,5,1.99058875214,2.15322584745,0.283912570001
TRAINING,3,2.48112872783,3.38985133557,0.0559778706484
TRAINING,9,2.71787356896,0.771632739934,0.012486158086
TRAINING,5,1.68513326656,2.60662251757,0.516253068619
TRAINING,5,1.12904676657,3.83581265491,0.329542396325
TRAINING,5,1.11426485237,1.33064982588,0.384449701547
TRAINING,9,2.30420177163,2.01266218534,0.126964664339
TRAINING,5,0.53068993866,1.06377180119,0.245901858263
TRAINING,3,2.69889697076,2.48298483672,0.0464762565734
TRAINING,3,3.70376526507,3.79030905103,2.333714511E-4
TRAINING,3,3.00866809744,3.40770902404,0.00874046843438
TRAINING,9,2.56263630982,2.03940443451,0.0616091807806
TRAINING,9,2.86092841729,2.09742739535,0.0230047103535
TRAINING,5,1.33216676275,1.54862468181,0.425408730291
TRAINING,5,2.07607918893,1.78184558737,0.183086922488
TRAINING,9,3.19562491002,1.03465031884,0.00240812277744
TRAINING,5,1.35622515875,2.42324000313,0.730434302859
TRAINING,5,1.29364256574,1.81445498267,0.549342704181
TRAINING,5,0.807948580205,2.80799442908,0.744318110267
TRAINING,3,3.55500860174,3.01276733146,9.99245105284E-4
TRAINING,5,0.667480523443,2.38679015881,0.738219172535
TRAINING,5,0.777135076227,2.06247178672,0.68386042223
TRAINING,5,1.13543347039,2.45101004551,0.816554355566
TRAINING,5,0.503747528949,2.57761057247,0.648174702125
TRAINING,5,0.931079383999,2.93929371568,0.714484019322
TRAINING,5,0.782223414134,2.2202803773,0.746086918565
TRAINING,5,1.86536504218,2.72666183004,0.377909673609
TRAINING,3,3.23421333047,3.01029292415,0.00465218255873
TRAINING,5,0.70859082165,1.59095867564,0.453319329972
TRAINING,9,2.17126323573,0.994781536158,0.0731848251594
TRAINING,5,1.16150540094,0.532172233402,0.192071524965
TRAINING,5,0.7120042549,2.59453629691,0.761334014278
TRAINING,9,2.34708469048,0.589955442739,0.0335989941965
TRAINING,5,1.06316057109,1.70620439601,0.544239359214
TRAINING,9,2.57685227426,2.18654002027,0.0640887900322
TRAINING,3,3.5854973852,2.80598508679,9.66096790051E-4
TRAINING,3,2.40367610114,3.17243991569,0.08438214389
TRAINING,9,2.99675073265,1.82132182841,0.0111736727351
TRAINING,5,1.86528150995,1.58208797275,0.231559774523
TRAINING,5,1.52231586265,1.9098470849,0.491664455138
TRAINING,3,3.91831402701,3.66583407285,7.82001188928E-5
TRAINING,9,3.89062408287,0.636412215116,5.03002670978E-5
TRAINING,3,2.37174545348,3.96196078351,0.0456452159797
TRAINING,5,1.048730253,3.42702917754,0.484430595547
TRAINING,5,0.948543633058,1.39350711858,0.411394977492
TRAINING,3,2.94858187867,3.64239421661,0.00895730535379
TRAINING,9,3.68260314252,0.367800441752,1.30399019008E-4
TRAINING,9,3.65128705312,1.73495948759,4.96016077908E-4
TRAINING,3,3.39086376977,3.64515490363,0.00131087310658
TRAINING,5,1.75295167935,2.67134703034,0.461427754883
TRAINING,3,3.27809603065,3.16287754619,0.00339974144075
TRAINING,3,2.74587195676,3.96878249117,0.0141334277691
TRAINING,9,3.04190824071,0.3781884188,0.00271158741594
TRAINING,5,1.31807024194,1.34773567901,0.357548720131
TRAINING,5,1.13250642086,3.61532011465,0.40205394157
TRAINING,9,2.67003640116,1.99697009993,0.0423122404797
TRAINING,5,0.773469626958,2.82137444257,0.728912669233
TRAINING,9,2.85515702913,0.774470359517,0.00766332571239
TRAINING,3,2.50628039455,3.87924457084,0.0333389324271
TRAINING,9,2.15682986547,1.3307048683,0.102172669862
TRAINING,5,1.25419150305,2.03225788331,0.660728303628
TRAINING,9,2.50510916755,0.839144470995,0.0262207580638
TRAINING,5,0.315251913872,1.57866090009,0.305389800949
TRAINING,3,1.63114092378,3.78375750008,0.235753724697
TRAINING,9,3.04457459471,1.58591529926,0.0075135160623
TRAINING,9,2.92248754886,0.724188874889,0.00570199207561
TRAINING,9,3.67074055785,1.18170463893,2.71770914451E-4
TRAINING,9,3.3935678664,1.93463587271,0.00213852624865
TRAINING,5,1.52293148001,3.36025658334,0.392128126116
TRAINING,9,2.55529569182,0.753789629333,0.0209485187164
TRAINING,9,3.15095286232,0.83626115918,0.00246671692601
TRAINING,5,1.69856398666,2.66511599453,0.500184440394
TRAINING,9,3.85161622293,1.88674953282,1.86579454055E-4
TRAINING,3,2.78598374118,3.61261328753,0.0168926214562
TRAINING,3,2.28402642085,3.67956619579,0.0742057961572
TEST,5,-0.2,-0.2,0.0279066853571
TEST,5,-0.2,-0.1,0.0297647938043
TEST,5,-0.2,0.0,0.0318023837157
TEST,5,-0.2,0.1,0.0340413446382
TEST,5,-0.2,0.2,0.0365065883948
TEST,5,-0.2,0.3,0.0392264501129
TEST,5,-0.2,0.4,0.0422331120645
TEST,5,-0.2,0.5,0.0455630305158
TEST,5,-0.2,0.6,0.0492573302873
TEST,5,-0.2,0.7,0.0533621078113
TEST,5,-0.2,0.8,0.057928547355
TEST,5,-0.2,0.9,0.0630127017772
TEST,5,-0.2,1.0,0.0686747126615
TEST,5,-0.2,1.1,0.0749771388235
TEST,5,-0.2,1.2,0.0819819234194
TEST,5,-0.2,1.3,0.0897453631372
TEST,5,-0.2,1.4,0.0983102733121
TEST,5,-0.2,1.5,0.107694435765
TEST,5,-0.2,1.6,0.117874506807
TEST,5,-0.2,1.7,0.12876508624
TEST,5,-0.2,1.8,0.140193940049
TEST,5,-0.2,1.9,0.151876768386
TEST,5,-0.2,2.0,0.163398454264
TEST,5,-0.2,2.1,0.174211587266
TEST,5,-0.2,2.2,0.183664929211
TEST,5,-0.2,2.3,0.191070773131
TEST,5,-0.2,2.4,0.195808065027
TEST,5,-0.2,2.5,0.197439798902
TEST,5,-0.2,2.6,0.195808065027
TEST,5,-0.2,2.7,0.191070773131
TEST,5,-0.2,2.8,0.183664929211
TEST,5,-0.2,2.9,0.174211587266
TEST,5,-0.2,3.0,0.163398454264
TEST,5,-0.2,3.1,0.151876768386
TEST,5,-0.2,3.2,0.140193940049
TEST,5,-0.2,3.3,0.12876508624
TEST,5,-0.2,3.4,0.117874506807
TEST,5,-0.2,3.5,0.107694435765
TEST,5,-0.2,3.6,0.0983102733121
TEST,5,-0.2,3.7,0.0897453631372
TEST,5,-0.2,3.8,0.0819819234194
TEST,5,-0.2,3.9,0.0749771388235
TEST,5,-0.2,4.0,0.0686747126615
TEST,5,-0.2,4.1,0.0630127017772
TEST,5,-0.2,4.2,0.057928547355
TEST,5,-0.1,-0.2,0.0351233544676
TEST,5,-0.1,-0.1,0.0374619697776
TEST,5,-0.1,0.0,0.0400264804604
TEST,5,-0.1,0.1,0.0428444366997
TEST,5,-0.1,0.2,0.0459471925162
TEST,5,-0.1,0.3,0.0493704105016
TEST,5,-0.1,0.4,0.0531545952638
TEST,5,-0.1,0.5,0.0573456306596
TEST,5,-0.1,0.6,0.0619952763887
TEST,5,-0.1,0.7,0.0671615494211
TEST,5,-0.1,0.8,0.0729088702763
TEST,5,-0.1,0.9,0.0793077870824
TEST,5,-0.1,1.0,0.0864339940376
TEST,5,-0.1,1.1,0.0943662276677
TEST,5,-0.1,1.2,0.10318244963
TEST,5,-0.1,1.3,0.112953514936
TEST,5,-0.1,1.4,0.123733310967
TEST,5,-0.1,1.5,0.135544217923
TEST,5,-0.1,1.6,0.148356855438
TEST,5,-0.1,1.7,0.162063738821
TEST,5,-0.1,1.8,0.176448094337
TEST,5,-0.1,1.9,0.191152102199
TEST,5,-0.1,2.0,0.205653296159
TEST,5,-0.1,2.1,0.219262705463
TEST,5,-0.1,2.2,0.231160681729
TEST,5,-0.1,2.3,0.24048167696
TEST,5,-0.1,2.4,0.246444032587
TEST,5,-0.1,2.5,0.248497732858
TEST,5,-0.1,2.6,0.246444032587
TEST,5,-0.1,2.7,0.24048167696
TEST,5,-0.1,2.8,0.231160681729
TEST,5,-0.1,2.9,0.219262705463
TEST,5,-0.1,3.0,0.205653296159
TEST,5,-0.1,3.1,0.191152102199
TEST,5,-0.1,3.2,0.176448094337
TEST,5,-0.1,3.3,0.162063738821
TEST,5,-0.1,3.4,0.148356855438
TEST,5,-0.1,3.5,0.135544217923
TEST,5,-0.1,3.6,0.123733310967
TEST,5,-0.1,3.7,0.112953514936
TEST,5,-0.1,3.8,0.10318244963
TEST,5,-0.1,3.9,0.0943662276677
TEST,5,-0.1,4.0,0.0864339940376
TEST,5,-0.1,4.1,0.0793077870824
TEST,5,-0.1,4.2,0.0729088702763
TEST,5,0.0,-0.2,0.0433309117988
TEST,5,0.0,-0.1,0.0462160101974
TEST,5,0.0,0.0,0.0493797907613
TEST,5,0.0,0.1,0.0528562415476
TEST,5,0.0,0.2,0.0566840433238
TEST,5,0.0,0.3,0.0609071922469
TEST,5,0.0,0.4,0.0655756579628
TEST,5,0.0,0.5,0.0707460463791
TEST,5,0.0,0.6,0.0764822123018
TEST,5,0.0,0.7,0.0828557299936
TEST,5,0.0,0.8,0.089946073636
TEST,5,0.0,0.9,0.0978402769073
TEST,5,0.0,1.0,0.106631722079
TEST,5,0.0,1.1,0.116417544675
TEST,5,0.0,1.2,0.127293924281
TEST,5,0.0,1.3,0.139348273171
TEST,5,0.0,1.4,0.152647071025
TEST,5,0.0,1.5,0.167217927805
TEST,5,0.0,1.6,0.183024597598
TEST,5,0.0,1.7,0.199934478898
TEST,5,0.0,1.8,0.217680142705
TEST,5,0.0,1.9,0.235820154597
TEST,5,0.0,2.0,0.253709959429
TEST,5,0.0,2.1,0.270499589097
TEST,5,0.0,2.2,0.285177861373
TEST,5,0.0,2.3,0.296676968687
TEST,5,0.0,2.4,0.304032596009
TEST,5,0.0,2.5,0.306566200976
TEST,5,0.0,2.6,0.304032596009
TEST,5,0.0,2.7,0.296676968687
TEST,5,0.0,2.8,0.285177861373
TEST,5,0.0,2.9,0.270499589097
TEST,5,0.0,3.0,0.253709959429
TEST,5,0.0,3.1,0.235820154597
TEST,5,0.0,3.2,0.217680142705
TEST,5,0.0,3.3,0.199934478898
TEST,5,0.0,3.4,0.183024597598
TEST,5,0.0,3.5,0.167217927805
TEST,5,0.0,3.6,0.152647071025
TEST,5,0.0,3.7,0.139348273171
TEST,5,0.0,3.8,0.127293924281
TEST,5,0.0,3.9,0.116417544675
TEST,5,0.0,4.0,0.106631722079
TEST,5,0.0,4.1,0.0978402769073
TEST,5,0.0,4.2,0.089946073636
TEST,5,0.1,-0.2,0.0523978876588
TEST,5,0.1,-0.1,0.0558866917366
TEST,5,0.1,0.0,0.0597124921105
TEST,5,0.1,0.1,0.0639163888251
TEST,5,0.1,0.2,0.0685451565829
TEST,5,0.1,0.3,0.073651997719
TEST,5,0.1,0.4,0.0792973380077
TEST,5,0.1,0.5,0.0855496281198
TEST,5,0.1,0.6,0.0924860844538
TEST,5,0.1,0.7,0.100193258158
TEST,5,0.1,0.8,0.108767253355
TEST,5,0.1,0.9,0.118313315485
TEST,5,0.1,1.0,0.128944367021
TEST,5,0.1,1.1,0.140777869058
TEST,5,0.1,1.2,0.153930126721
TEST,5,0.1,1.3,0.168506843266
TEST,5,0.1,1.4,0.184588409221
TEST,5,0.1,1.5,0.20220821192
TEST,5,0.1,1.6,0.221322421006
TEST,5,0.1,1.7,0.241770688165
TEST,5,0.1,1.8,0.263229624984
TEST,5,0.1,1.9,0.285165427066
TEST,5,0.1,2.0,0.306798666361
TEST,5,0.1,2.1,0.327101519282
TEST,5,0.1,2.2,0.344851214126
TEST,5,0.1,2.3,0.358756505019
TEST,5,0.1,2.4,0.367651294399
TEST,5,0.1,2.5,0.370715055186
TEST,5,0.1,2.6,0.367651294399
TEST,5,0.1,2.7,0.358756505019
TEST,5,0.1,2.8,0.344851214126
TEST,5,0.1,2.9,0.327101519282
TEST,5,0.1,3.0,0.306798666361
TEST,5,0.1,3.1,0.285165427066
TEST,5,0.1,3.2,0.263229624984
TEST,5,0.1,3.3,0.241770688165
TEST,5,0.1,3.4,0.221322421006
TEST,5,0.1,3.5,0.20220821192
TEST,5,0.1,3.6,0.184588409221
TEST,5,0.1,3.7,0.168506843266
TEST,5,0.1,3.8,0.153930126721
TEST,5,0.1,3.9,0.140777869058
TEST,5,0.1,4.0,0.128944367021
TEST,5,0.1,4.1,0.118313315485
TEST,5,0.1,4.2,0.108767253355
TEST,5,0.2,-0.2,0.0621074704409
TEST,5,0.2,-0.1,0.0662427668396
TEST,5,0.2,0.0,0.070777506583
TEST,5,0.2,0.1,0.0757604057533
TEST,5,0.2,0.2,0.0812469066322
TEST,5,0.2,0.3,0.0873000702058
TEST,5,0.2,0.4,0.0939915194373
TEST,5,0.2,0.5,0.101402389239
TEST,5,0.2,0.6,0.109624204583
TEST,5,0.2,0.7,0.118759554965
TEST,5,0.2,0.8,0.128922353067
TEST,5,0.2,0.9,0.14023734682
TEST,5,0.2,1.0,0.152838383781
TEST,5,0.2,1.1,0.166864691153
TEST,5,0.2,1.2,0.182454125966
TEST,5,0.2,1.3,0.199731978804
TEST,5,0.2,1.4,0.218793536947
TEST,5,0.2,1.5,0.239678374565
TEST,5,0.2,1.6,0.262334539325
TEST,5,0.2,1.7,0.286571969589
TEST,5,0.2,1.8,0.312007351505
TEST,5,0.2,1.9,0.33800796413
TEST,5,0.2,2.0,0.363649947616
TEST,5,0.2,2.1,0.387715017679
TEST,5,0.2,2.2,0.408753817088
TEST,5,0.2,2.3,0.425235825841
TEST,5,0.2,2.4,0.435778862845
TEST,5,0.2,2.5,0.439410353369
TEST,5,0.2,2.6,0.435778862845
TEST,5,0.2,2.7,0.425235825841
TEST,5,0.2,2.8,0.408753817088
TEST,5,0.2,2.9,0.387715017679
TEST,5,0.2,3.0,0.363649947616
TEST,5,0.2,3.1,0.33800796413
TEST,5,0.2,3.2,0.312007351505
TEST,5,0.2,3.3,0.286571969589
TEST,5,0.2,3.4,0.262334539325
TEST,5,0.2,3.5,0.239678374565
TEST,5,0.2,3.6,0.218793536947
TEST,5,0.2,3.7,0.199731978804
TEST,5,0.2,3.8,0.182454125966
TEST,5,0.2,3.9,0.166864691153
TEST,5,0.2,4.0,0.152838383781
TEST,5,0.2,4.1,0.14023734682
TEST,5,0.2,4.2,0.128922353067
TEST,5,0.3,-0.2,0.0721585858874
TEST,5,0.3,-0.1,0.0769631148473
TEST,5,0.3,0.0,0.082231730763
TEST,5,0.3,0.1,0.0880210336472
TEST,5,0.3,0.2,0.0943954382411
TEST,5,0.3,0.3,0.101428210958
TEST,5,0.3,0.4,0.109202565808
TEST,5,0.3,0.5,0.117812768112
TEST,5,0.3,0.6,0.127365154716
TEST,5,0.3,0.7,0.137978917609
TEST,5,0.3,0.8,0.149786404446
TEST,5,0.3,0.9,0.162932551645
TEST,5,0.3,1.0,0.17757286788
TEST,5,0.3,1.1,0.193869112084
TEST,5,0.3,1.2,0.211981451275
TEST,5,0.3,1.3,0.232055452343
TEST,5,0.3,1.4,0.254201823313
TEST,5,0.3,1.5,0.278466542811
TEST,5,0.3,1.6,0.304789250838
TEST,5,0.3,1.7,0.332949127274
TEST,5,0.3,1.8,0.362500824961
TEST,5,0.3,1.9,0.392709227041
TEST,5,0.3,2.0,0.422500961506
TEST,5,0.3,2.1,0.450460583959
TEST,5,0.3,2.2,0.474904181538
TEST,5,0.3,2.3,0.494053543697
TEST,5,0.3,2.4,0.506302805111
TEST,5,0.3,2.5,0.510521995154
TEST,5,0.3,2.6,0.506302805111
TEST,5,0.3,2.7,0.494053543697
TEST,5,0.3,2.8,0.474904181538
TEST,5,0.3,2.9,0.450460583959
TEST,5,0.3,3.0,0.422500961506
TEST,5,0.3,3.1,0.392709227041
TEST,5,0.3,3.2,0.362500824961
TEST,5,0.3,3.3,0.332949127274
TEST,5,0.3,3.4,0.304789250838
TEST,5,0.3,3.5,0.278466542811
TEST,5,0.3,3.6,0.254201823313
TEST,5,0.3,3.7,0.232055452343
TEST,5,0.3,3.8,0.211981451275
TEST,5,0.3,3.9,0.193869112084
TEST,5,0.3,4.0,0.17757286788
TEST,5,0.3,4.1,0.162932551645
TEST,5,0.3,4.2,0.149786404446
TEST,5,0.4,-0.2,0.0821762457092
TEST,5,0.4,-0.1,0.0876477796572
TEST,5,0.4,0.0,0.0936478290028
TEST,5,0.4,0.1,0.100240851447
TEST,5,0.4,0.2,0.107500204325
TEST,5,0.4,0.3,0.115509325508
TEST,5,0.4,0.4,0.124362981474
TEST,5,0.4,0.5,0.134168524244
TEST,5,0.4,0.6,0.145047053237
TEST,5,0.4,0.7,0.157134307674
TEST,5,0.4,0.8,0.170581008819
TEST,5,0.4,0.9,0.185552214381
TEST,5,0.4,1.0,0.20222502205
TEST,5,0.4,1.1,0.220783647491
TEST,5,0.4,1.2,0.24141049345
TEST,5,0.4,1.3,0.264271335633
TEST,5,0.4,1.4,0.289492251482
TEST,5,0.4,1.5,0.31712560276
TEST,5,0.4,1.6,0.347102649787
TEST,5,0.4,1.7,0.379171916343
TEST,5,0.4,1.8,0.412826228444
TEST,5,0.4,1.9,0.447228414148
TEST,5,0.4,2.0,0.481156086946
TEST,5,0.4,2.1,0.512997298582
TEST,5,0.4,2.2,0.540834361295
TEST,5,0.4,2.3,0.562642198444
TEST,5,0.4,2.4,0.576592005017
TEST,5,0.4,2.5,0.581396938393
TEST,5,0.4,2.6,0.576592005017
TEST,5,0.4,2.7,0.562642198444
TEST,5,0.4,2.8,0.540834361295
TEST,5,0.4,2.9,0.512997298582
TEST,5,0.4,3.0,0.481156086946
TEST,5,0.4,3.1,0.447228414148
TEST,5,0.4,3.2,0.412826228444
TEST,5,0.4,3.3,0.379171916343
TEST,5,0.4,3.4,0.347102649787
TEST,5,0.4,3.5,0.31712560276
TEST,5,0.4,3.6,0.289492251482
TEST,5,0.4,3.7,0.264271335633
TEST,5,0.4,3.8,0.24141049345
TEST,5,0.4,3.9,0.220783647491
TEST,5,0.4,4.0,0.20222502205
TEST,5,0.4,4.1,0.185552214381
TEST,5,0.4,4.2,0.170581008819
TEST,5,0.5,-0.2,0.0917315409978
TEST,5,0.5,-0.1,0.0978392943557
TEST,5,0.5,0.0,0.104537017862
TEST,5,0.5,0.1,0.111896664234
TEST,5,0.5,0.2,0.120000120658
TEST,5,0.5,0.3,0.128940526999
TEST,5,0.5,0.4,0.138823668997
TEST,5,0.5,0.5,0.14976938136
TEST,5,0.5,0.6,0.161912844713
TEST,5,0.5,0.7,0.175405581773
TEST,5,0.5,0.8,0.190415839382
TEST,5,0.5,0.9,0.207127867838
TEST,5,0.5,1.0,0.225739357412
TEST,5,0.5,1.1,0.24645594401
TEST,5,0.5,1.2,0.269481239817
TEST,5,0.5,1.3,0.295000296618
TEST,5,0.5,1.4,0.323153851897
TEST,5,0.5,1.5,0.354000355942
TEST,5,0.5,1.6,0.387463076155
TEST,5,0.5,1.7,0.423261295148
TEST,5,0.5,1.8,0.460828865723
TEST,5,0.5,1.9,0.4992312712
TEST,5,0.5,2.0,0.537103988325
TEST,5,0.5,2.1,0.572647634611
TEST,5,0.5,2.2,0.603721537265
TEST,5,0.5,2.3,0.628065147638
TEST,5,0.5,2.4,0.643637010803
TEST,5,0.5,2.5,0.64900065256
TEST,5,0.5,2.6,0.643637010803
TEST,5,0.5,2.7,0.628065147638
TEST,5,0.5,2.8,0.603721537265
TEST,5,0.5,2.9,0.572647634611
TEST,5,0.5,3.0,0.537103988325
TEST,5,0.5,3.1,0.4992312712
TEST,5,0.5,3.2,0.460828865723
TEST,5,0.5,3.3,0.423261295148
TEST,5,0.5,3.4,0.387463076155
TEST,5,0.5,3.5,0.354000355942
TEST,5,0.5,3.6,0.323153851897
TEST,5,0.5,3.7,0.295000296618
TEST,5,0.5,3.8,0.269481239817
TEST,5,0.5,3.9,0.24645594401
TEST,5,0.5,4.0,0.225739357412
TEST,5,0.5,4.1,0.207127867838
TEST,5,0.5,4.2,0.190415839382
TEST,5,0.6,-0.2,0.100370293164
TEST,5,0.6,-0.1,0.10705323982
TEST,5,0.6,0.0,0.11438171664
TEST,5,0.6,0.1,0.122434452438
TEST,5,0.6,0.2,0.131301046066
TEST,5,0.6,0.3,0.141083408769
TEST,5,0.6,0.4,0.151897288586
TEST,5,0.6,0.5,0.16387380557
TEST,5,0.6,0.6,0.177160870887
TEST,5,0.6,0.7,0.191924276794
TEST,5,0.6,0.8,0.208348114662
TEST,5,0.6,0.9,0.226633986427
TEST,5,0.6,1.0,0.2469981997
TEST,5,0.6,1.1,0.269665756002
TEST,5,0.6,1.2,0.294859442549
TEST,5,0.6,1.3,0.322781738245
TEST,5,0.6,1.4,0.353586634426
TEST,5,0.6,1.5,0.387338085894
TEST,5,0.6,1.6,0.423952133814
TEST,5,0.6,1.7,0.463121624438
TEST,5,0.6,1.8,0.504227094063
TEST,5,0.6,1.9,0.546246018568
TEST,5,0.6,2.0,0.587685371701
TEST,5,0.6,2.1,0.626576315416
TEST,5,0.6,2.2,0.660576580594
TEST,5,0.6,2.3,0.687212733037
TEST,5,0.6,2.4,0.704251065261
TEST,5,0.6,2.5,0.710119824139
TEST,5,0.6,2.6,0.704251065261
TEST,5,0.6,2.7,0.687212733037
TEST,5,0.6,2.8,0.660576580594
TEST,5,0.6,2.9,0.626576315416
TEST,5,0.6,3.0,0.587685371701
TEST,5,0.6,3.1,0.546246018568
TEST,5,0.6,3.2,0.504227094063
TEST,5,0.6,3.3,0.463121624438
TEST,5,0.6,3.4,0.423952133814
TEST,5,0.6,3.5,0.387338085894
TEST,5,0.6,3.6,0.353586634426
TEST,5,0.6,3.7,0.322781738245
TEST,5,0.6,3.8,0.294859442549
TEST,5,0.6,3.9,0.269665756002
TEST,5,0.6,4.0,0.2469981997
TEST,5,0.6,4.1,0.226633986427
TEST,5,0.6,4.2,0.208348114662
TEST,5,0.7,-0.2,0.107647960574
TEST,5,0.7,-0.1,0.114815475537
TEST,5,0.7,0.0,0.122675326882
TEST,5,0.7,0.1,0.131311951907
TEST,5,0.7,0.2,0.140821446113
TEST,5,0.7,0.3,0.151313110144
TEST,5,0.7,0.4,0.162911084719
TEST,5,0.7,0.5,0.175755997168
TEST,5,0.7,0.6,0.190006483424
TEST,5,0.7,0.7,0.205840357043
TEST,5,0.7,0.8,0.223455057524
TEST,5,0.7,0.9,0.243066804593
TEST,5,0.7,1.0,0.264907589934
TEST,5,0.7,1.1,0.289218729516
TEST,5,0.7,1.2,0.316239164454
TEST,5,0.7,1.3,0.346186055027
TEST,5,0.7,1.4,0.379224558204
TEST,5,0.7,1.5,0.415423266032
TEST,5,0.7,1.6,0.454692131976
TEST,5,0.7,1.7,0.496701731126
TEST,5,0.7,1.8,0.540787683592
TEST,5,0.7,1.9,0.585853323892
TEST,5,0.7,2.0,0.630297369153
TEST,5,0.7,2.1,0.672008224464
TEST,5,0.7,2.2,0.708473787032
TEST,5,0.7,2.3,0.737041278445
TEST,5,0.7,2.4,0.75531502915
TEST,5,0.7,2.5,0.761609321059
TEST,5,0.7,2.6,0.75531502915
TEST,5,0.7,2.7,0.737041278445
TEST,5,0.7,2.8,0.708473787032
TEST,5,0.7,2.9,0.672008224464
TEST,5,0.7,3.0,0.630297369153
TEST,5,0.7,3.1,0.585853323892
TEST,5,0.7,3.2,0.540787683592
TEST,5,0.7,3.3,0.496701731126
TEST,5,0.7,3.4,0.454692131976
TEST,5,0.7,3.5,0.415423266032
TEST,5,0.7,3.6,0.379224558204
TEST,5,0.7,3.7,0.346186055027
TEST,5,0.7,3.8,0.316239164454
TEST,5,0.7,3.9,0.289218729516
TEST,5,0.7,4.0,0.264907589934
TEST,5,0.7,4.1,0.243066804593
TEST,5,0.7,4.2,0.223455057524
TEST,5,0.8,-0.2,0.113167189535
TEST,5,0.8,-0.1,0.120702190848
TEST,5,0.8,0.0,0.12896502539
TEST,5,0.8,0.1,0.138044459648
TEST,5,0.8,0.2,0.148041516048
TEST,5,0.8,0.3,0.159071099197
TEST,5,0.8,0.4,0.171263714644
TEST,5,0.8,0.5,0.184767199837
TEST,5,0.8,0.6,0.199748324148
TEST,5,0.8,0.7,0.216394017827
TEST,5,0.8,0.8,0.234911843314
TEST,5,0.8,0.9,0.255529106158
TEST,5,0.8,1.0,0.278489692508
TEST,5,0.8,1.1,0.304047290871
TEST,5,0.8,1.2,0.332453093132
TEST,5,0.8,1.3,0.363935393618
TEST,5,0.8,1.4,0.398667817076
TEST,5,0.8,1.5,0.436722472342
TEST,5,0.8,1.6,0.478004696096
TEST,5,0.8,1.7,0.522168173452
TEST,5,0.8,1.8,0.568514461037
TEST,5,0.8,1.9,0.615890666123
TEST,5,0.8,2.0,0.662613406312
TEST,5,0.8,2.1,0.706462822906
TEST,5,0.8,2.2,0.744798014847
TEST,5,0.8,2.3,0.774830192865
TEST,5,0.8,2.4,0.794040858804
TEST,5,0.8,2.5,0.80065786596
TEST,5,0.8,2.6,0.794040858804
TEST,5,0.8,2.7,0.774830192865
TEST,5,0.8,2.8,0.744798014847
TEST,5,0.8,2.9,0.706462822906
TEST,5,0.8,3.0,0.662613406312
TEST,5,0.8,3.1,0.615890666123
TEST,5,0.8,3.2,0.568514461037
TEST,5,0.8,3.3,0.522168173452
TEST,5,0.8,3.4,0.478004696096
TEST,5,0.8,3.5,0.436722472342
TEST,5,0.8,3.6,0.398667817076
TEST,5,0.8,3.7,0.363935393618
TEST,5,0.8,3.8,0.332453093132
TEST,5,0.8,3.9,0.304047290871
TEST,5,0.8,4.0,0.278489692508
TEST,5,0.8,4.1,0.255529106158
TEST,5,0.8,4.2,0.234911843314
TEST,5,0.9,-0.2,0.116613643551
TEST,5,0.9,-0.1,0.124378119818
TEST,5,0.9,0.0,0.132892595134
TEST,5,0.9,0.1,0.142248539332
TEST,5,0.9,0.2,0.152550051425
TEST,5,0.9,0.3,0.163915535389
TEST,5,0.9,0.4,0.176479471257
TEST,5,0.9,0.5,0.190394198798
TEST,5,0.9,0.6,0.205831566268
TEST,5,0.9,0.7,0.22298419679
TEST,5,0.9,0.8,0.242065974022
TEST,5,0.9,0.9,0.263311125997
TEST,5,0.9,1.0,0.286970966304
TEST,5,0.9,1.1,0.313306909414
TEST,5,0.9,1.2,0.342577797145
TEST,5,0.9,1.3,0.37501887642
TEST,5,0.9,1.4,0.410809059647
TEST,5,0.9,1.5,0.450022651704
TEST,5,0.9,1.6,0.492562106343
TEST,5,0.9,1.7,0.53807056182
TEST,5,0.9,1.8,0.585828303994
TEST,5,0.9,1.9,0.634647329326
TEST,5,0.9,2.0,0.682792988793
TEST,5,0.9,2.1,0.727977818933
TEST,5,0.9,2.2,0.767480491278
TEST,5,0.9,2.3,0.798427285282
TEST,5,0.9,2.4,0.818223003098
TEST,5,0.9,2.5,0.825041528124
TEST,5,0.9,2.6,0.818223003098
TEST,5,0.9,2.7,0.798427285282
TEST,5,0.9,2.8,0.767480491278
TEST,5,0.9,2.9,0.727977818933
TEST,5,0.9,3.0,0.682792988793
TEST,5,0.9,3.1,0.634647329326
TEST,5,0.9,3.2,0.585828303994
TEST,5,0.9,3.3,0.53807056182
TEST,5,0.9,3.4,0.492562106343
TEST,5,0.9,3.5,0.450022651704
TEST,5,0.9,3.6,0.410809059647
TEST,5,0.9,3.7,0.37501887642
TEST,5,0.9,3.8,0.342577797145
TEST,5,0.9,3.9,0.313306909414
TEST,5,0.9,4.0,0.286970966304
TEST,5,0.9,4.1,0.263311125997
TEST,5,0.9,4.2,0.242065974022
TEST,5,1.0,-0.2,0.117785630153
TEST,5,1.0,-0.1,0.125628140704
TEST,5,1.0,0.0,0.134228187919
TEST,5,1.0,0.1,0.14367816092
TEST,5,1.0,0.2,0.154083204931
TEST,5,1.0,0.3,0.165562913907
TEST,5,1.0,0.4,0.17825311943
TEST,5,1.0,0.5,0.192307692308
TEST,5,1.0,0.6,0.2079002079
TEST,5,1.0,0.7,0.225225225225
TEST,5,1.0,0.8,0.244498777506
TEST,5,1.0,0.9,0.265957446809
TEST,5,1.0,1.0,0.289855072464
TEST,5,1.0,1.1,0.316455696203
TEST,5,1.0,1.2,0.346020761246
TEST,5,1.0,1.3,0.378787878788
TEST,5,1.0,1.4,0.414937759336
TEST,5,1.0,1.5,0.454545454545
TEST,5,1.0,1.6,0.497512437811
TEST,5,1.0,1.7,0.54347826087
TEST,5,1.0,1.8,0.591715976331
TEST,5,1.0,1.9,0.641025641026
TEST,5,1.0,2.0,0.689655172414
TEST,5,1.0,2.1,0.735294117647
TEST,5,1.0,2.2,0.77519379845
TEST,5,1.0,2.3,0.806451612903
TEST,5,1.0,2.4,0.826446280992
TEST,5,1.0,2.5,0.833333333333
TEST,5,1.0,2.6,0.826446280992
TEST,5,1.0,2.7,0.806451612903
TEST,5,1.0,2.8,0.77519379845
TEST,5,1.0,2.9,0.735294117647
TEST,5,1.0,3.0,0.689655172414
TEST,5,1.0,3.1,0.641025641026
TEST,5,1.0,3.2,0.591715976331
TEST,5,1.0,3.3,0.54347826087
TEST,5,1.0,3.4,0.497512437811
TEST,5,1.0,3.5,0.454545454545
TEST,5,1.0,3.6,0.414937759336
TEST,5,1.0,3.7,0.378787878788
TEST,5,1.0,3.8,0.346020761246
TEST,5,1.0,3.9,0.316455696203
TEST,5,1.0,4.0,0.289855072464
TEST,5,1.0,4.1,0.265957446809
TEST,3,1.0,4.2,0.244498777506
TEST,9,1.1,-0.2,0.116613643551
TEST,9,1.1,-0.1,0.124378119818
TEST,5,1.1,0.0,0.132892595134
TEST,5,1.1,0.1,0.142248539332
TEST,5,1.1,0.2,0.152550051425
TEST,5,1.1,0.3,0.163915535389
TEST,5,1.1,0.4,0.176479471257
TEST,5,1.1,0.5,0.190394198798
TEST,5,1.1,0.6,0.205831566268
TEST,5,1.1,0.7,0.22298419679
TEST,5,1.1,0.8,0.242065974022
TEST,5,1.1,0.9,0.263311125997
TEST,5,1.1,1.0,0.286970966304
TEST,5,1.1,1.1,0.313306909414
TEST,5,1.1,1.2,0.342577797145
TEST,5,1.1,1.3,0.37501887642
TEST,5,1.1,1.4,0.410809059647
TEST,5,1.1,1.5,0.450022651704
TEST,5,1.1,1.6,0.492562106343
TEST,5,1.1,1.7,0.53807056182
TEST,5,1.1,1.8,0.585828303994
TEST,5,1.1,1.9,0.634647329326
TEST,5,1.1,2.0,0.682792988793
TEST,5,1.1,2.1,0.727977818933
TEST,5,1.1,2.2,0.767480491278
TEST,5,1.1,2.3,0.798427285282
TEST,5,1.1,2.4,0.818223003098
TEST,5,1.1,2.5,0.825041528124
TEST,5,1.1,2.6,0.818223003098
TEST,5,1.1,2.7,0.798427285282
TEST,5,1.1,2.8,0.767480491278
TEST,5,1.1,2.9,0.727977818933
TEST,5,1.1,3.0,0.682792988793
TEST,5,1.1,3.1,0.634647329326
TEST,5,1.1,3.2,0.585828303994
TEST,5,1.1,3.3,0.53807056182
TEST,5,1.1,3.4,0.492562106343
TEST,5,1.1,3.5,0.450022651704
TEST,5,1.1,3.6,0.410809059647
TEST,5,1.1,3.7,0.37501887642
TEST,5,1.1,3.8,0.342577797145
TEST,5,1.1,3.9,0.313306909414
TEST,5,1.1,4.0,0.286970966304
TEST,3,1.1,4.1,0.263311125997
TEST,3,1.1,4.2,0.242065974022
TEST,9,1.2,-0.2,0.113167189535
TEST,9,1.2,-0.1,0.120702190848
TEST,9,1.2,0.0,0.12896502539
TEST,5,1.2,0.1,0.138044459648
TEST,5,1.2,0.2,0.148041516048
TEST,5,1.2,0.3,0.159071099197
TEST,5,1.2,0.4,0.171263714644
TEST,5,1.2,0.5,0.184767199837
TEST,5,1.2,0.6,0.199748324148
TEST,5,1.2,0.7,0.216394017827
TEST,5,1.2,0.8,0.234911843314
TEST,5,1.2,0.9,0.255529106158
TEST,5,1.2,1.0,0.278489692508
TEST,5,1.2,1.1,0.304047290871
TEST,5,1.2,1.2,0.332453093132
TEST,5,1.2,1.3,0.363935393618
TEST,5,1.2,1.4,0.398667817076
TEST,5,1.2,1.5,0.436722472342
TEST,5,1.2,1.6,0.478004696096
TEST,5,1.2,1.7,0.522168173452
TEST,5,1.2,1.8,0.568514461037
TEST,5,1.2,1.9,0.615890666123
TEST,5,1.2,2.0,0.662613406312
TEST,5,1.2,2.1,0.706462822906
TEST,5,1.2,2.2,0.744798014847
TEST,5,1.2,2.3,0.774830192865
TEST,5,1.2,2.4,0.794040858804
TEST,5,1.2,2.5,0.80065786596
TEST,5,1.2,2.6,0.794040858804
TEST,5,1.2,2.7,0.774830192865
TEST,5,1.2,2.8,0.744798014847
TEST,5,1.2,2.9,0.706462822906
TEST,5,1.2,3.0,0.662613406312
TEST,5,1.2,3.1,0.615890666123
TEST,5,1.2,3.2,0.568514461037
TEST,5,1.2,3.3,0.522168173452
TEST,5,1.2,3.4,0.478004696096
TEST,5,1.2,3.5,0.436722472342
TEST,5,1.2,3.6,0.398667817076
TEST,5,1.2,3.7,0.363935393618
TEST,5,1.2,3.8,0.332453093132
TEST,5,1.2,3.9,0.304047290871
TEST,3,1.2,4.0,0.278489692508
TEST,3,1.2,4.1,0.255529106158
TEST,3,1.2,4.2,0.234911843314
TEST,9,1.3,-0.2,0.107647960574
TEST,9,1.3,-0.1,0.114815475537
TEST,9,1.3,0.0,0.122675326882
TEST,9,1.3,0.1,0.131311951907
TEST,9,1.3,0.2,0.140821446113
TEST,5,1.3,0.3,0.151313110144
TEST,5,1.3,0.4,0.162911084719
TEST,5,1.3,0.5,0.175755997168
TEST,5,1.3,0.6,0.190006483424
TEST,5,1.3,0.7,0.205840357043
TEST,5,1.3,0.8,0.223455057524
TEST,5,1.3,0.9,0.243066804593
TEST,5,1.3,1.0,0.264907589934
TEST,5,1.3,1.1,0.289218729516
TEST,5,1.3,1.2,0.316239164454
TEST,5,1.3,1.3,0.346186055027
TEST,5,1.3,1.4,0.379224558204
TEST,5,1.3,1.5,0.415423266032
TEST,5,1.3,1.6,0.454692131976
TEST,5,1.3,1.7,0.496701731126
TEST,5,1.3,1.8,0.540787683592
TEST,5,1.3,1.9,0.585853323892
TEST,5,1.3,2.0,0.630297369153
TEST,5,1.3,2.1,0.672008224464
TEST,5,1.3,2.2,0.708473787032
TEST,5,1.3,2.3,0.737041278445
TEST,5,1.3,2.4,0.75531502915
TEST,5,1.3,2.5,0.761609321059
TEST,5,1.3,2.6,0.75531502915
TEST,5,1.3,2.7,0.737041278445
TEST,5,1.3,2.8,0.708473787032
TEST,5,1.3,2.9,0.672008224464
TEST,5,1.3,3.0,0.630297369153
TEST,5,1.3,3.1,0.585853323892
TEST,5,1.3,3.2,0.540787683592
TEST,5,1.3,3.3,0.496701731126
TEST,5,1.3,3.4,0.454692131976
TEST,5,1.3,3.5,0.415423266032
TEST,5,1.3,3.6,0.379224558204
TEST,5,1.3,3.7,0.346186055027
TEST,3,1.3,3.8,0.316239164454
TEST,3,1.3,3.9,0.289218729516
TEST,3,1.3,4.0,0.264907589934
TEST,3,1.3,4.1,0.243066804593
TEST,3,1.3,4.2,0.223455057524
TEST,9,1.4,-0.2,0.100370293164
TEST,9,1.4,-0.1,0.10705323982
TEST,9,1.4,0.0,0.11438171664
TEST,9,1.4,0.1,0.122434452438
TEST,9,1.4,0.2,0.131301046066
TEST,9,1.4,0.3,0.141083408769
TEST,9,1.4,0.4,0.151897288586
TEST,5,1.4,0.5,0.16387380557
TEST,5,1.4,0.6,0.177160870887
TEST,5,1.4,0.7,0.191924276794
TEST,5,1.4,0.8,0.208348114662
TEST,5,1.4,0.9,0.226633986427
TEST,5,1.4,1.0,0.2469981997
TEST,5,1.4,1.1,0.269665756002
TEST,5,1.4,1.2,0.294859442549
TEST,5,1.4,1.3,0.322781738245
TEST,5,1.4,1.4,0.353586634426
TEST,5,1.4,1.5,0.387338085894
TEST,5,1.4,1.6,0.423952133814
TEST,5,1.4,1.7,0.463121624438
TEST,5,1.4,1.8,0.504227094063
TEST,5,1.4,1.9,0.546246018568
TEST,5,1.4,2.0,0.587685371701
TEST,5,1.4,2.1,0.626576315416
TEST,5,1.4,2.2,0.660576580594
TEST,5,1.4,2.3,0.687212733037
TEST,5,1.4,2.4,0.704251065261
TEST,5,1.4,2.5,0.710119824139
TEST,5,1.4,2.6,0.704251065261
TEST,5,1.4,2.7,0.687212733037
TEST,5,1.4,2.8,0.660576580594
TEST,5,1.4,2.9,0.626576315416
TEST,5,1.4,3.0,0.587685371701
TEST,5,1.4,3.1,0.546246018568
TEST,5,1.4,3.2,0.504227094063
TEST,5,1.4,3.3,0.463121624438
TEST,5,1.4,3.4,0.423952133814
TEST,5,1.4,3.5,0.387338085894
TEST,5,1.4,3.6,0.353586634426
TEST,3,1.4,3.7,0.322781738245
TEST,3,1.4,3.8,0.294859442549
TEST,3,1.4,3.9,0.269665756002
TEST,3,1.4,4.0,0.2469981997
TEST,3,1.4,4.1,0.226633986427
TEST,3,1.4,4.2,0.208348114662
TEST,9,1.5,-0.2,0.0917315409978
TEST,9,1.5,-0.1,0.0978392943557
TEST,9,1.5,0.0,0.104537017862
TEST,9,1.5,0.1,0.111896664234
TEST,9,1.5,0.2,0.120000120658
TEST,9,1.5,0.3,0.128940526999
TEST,9,1.5,0.4,0.138823668997
TEST,9,1.5,0.5,0.14976938136
TEST,9,1.5,0.6,0.161912844713
TEST,5,1.5,0.7,0.175405581773
TEST,5,1.5,0.8,0.190415839382
TEST,5,1.5,0.9,0.207127867838
TEST,5,1.5,1.0,0.225739357412
TEST,5,1.5,1.1,0.24645594401
TEST,5,1.5,1.2,0.269481239817
TEST,5,1.5,1.3,0.295000296618
TEST,5,1.5,1.4,0.323153851897
TEST,5,1.5,1.5,0.354000355942
TEST,5,1.5,1.6,0.387463076155
TEST,5,1.5,1.7,0.423261295148
TEST,5,1.5,1.8,0.460828865723
TEST,5,1.5,1.9,0.4992312712
TEST,5,1.5,2.0,0.537103988325
TEST,5,1.5,2.1,0.572647634611
TEST,5,1.5,2.2,0.603721537265
TEST,5,1.5,2.3,0.628065147638
TEST,5,1.5,2.4,0.643637010803
TEST,5,1.5,2.5,0.64900065256
TEST,5,1.5,2.6,0.643637010803
TEST,5,1.5,2.7,0.628065147638
TEST,5,1.5,2.8,0.603721537265
TEST,5,1.5,2.9,0.572647634611
TEST,5,1.5,3.0,0.537103988325
TEST,5,1.5,3.1,0.4992312712
TEST,5,1.5,3.2,0.460828865723
TEST,5,1.5,3.3,0.423261295148
TEST,5,1.5,3.4,0.387463076155
TEST,5,1.5,3.5,0.354000355942
TEST,3,1.5,3.6,0.323153851897
TEST,3,1.5,3.7,0.295000296618
TEST,3,1.5,3.8,0.269481239817
TEST,3,1.5,3.9,0.24645594401
TEST,3,1.5,4.0,0.225739357412
TEST,3,1.5,4.1,0.207127867838
TEST,3,1.5,4.2,0.190415839382
TEST,9,1.6,-0.2,0.0821762457092
TEST,9,1.6,-0.1,0.0876477796572
TEST,9,1.6,0.0,0.0936478290028
TEST,9,1.6,0.1,0.100240851447
TEST,9,1.6,0.2,0.107500204325
TEST,9,1.6,0.3,0.115509325508
TEST,9,1.6,0.4,0.124362981474
TEST,9,1.6,0.5,0.134168524244
TEST,9,1.6,0.6,0.145047053237
TEST,9,1.6,0.7,0.157134307674
TEST,9,1.6,0.8,0.170581008819
TEST,5,1.6,0.9,0.185552214381
TEST,5,1.6,1.0,0.20222502205
TEST,5,1.6,1.1,0.220783647491
TEST,5,1.6,1.2,0.24141049345
TEST,5,1.6,1.3,0.264271335633
TEST,5,1.6,1.4,0.289492251482
TEST,5,1.6,1.5,0.31712560276
TEST,5,1.6,1.6,0.347102649787
TEST,5,1.6,1.7,0.379171916343
TEST,5,1.6,1.8,0.412826228444
TEST,5,1.6,1.9,0.447228414148
TEST,5,1.6,2.0,0.481156086946
TEST,5,1.6,2.1,0.512997298582
TEST,5,1.6,2.2,0.540834361295
TEST,5,1.6,2.3,0.562642198444
TEST,5,1.6,2.4,0.576592005017
TEST,5,1.6,2.5,0.581396938393
TEST,5,1.6,2.6,0.576592005017
TEST,5,1.6,2.7,0.562642198444
TEST,5,1.6,2.8,0.540834361295
TEST,5,1.6,2.9,0.512997298582
TEST,5,1.6,3.0,0.481156086946
TEST,5,1.6,3.1,0.447228414148
TEST,5,1.6,3.2,0.412826228444
TEST,5,1.6,3.3,0.379171916343
TEST,3,1.6,3.4,0.347102649787
TEST,3,1.6,3.5,0.31712560276
TEST,3,1.6,3.6,0.289492251482
TEST,3,1.6,3.7,0.264271335633
TEST,3,1.6,3.8,0.24141049345
TEST,3,1.6,3.9,0.220783647491
TEST,3,1.6,4.0,0.20222502205
TEST,3,1.6,4.1,0.185552214381
TEST,3,1.6,4.2,0.170581008819
TEST,9,1.7,-0.2,0.0721585858874
TEST,9,1.7,-0.1,0.0769631148473
TEST,9,1.7,0.0,0.082231730763
TEST,9,1.7,0.1,0.0880210336472
TEST,9,1.7,0.2,0.0943954382411
TEST,9,1.7,0.3,0.101428210958
TEST,9,1.7,0.4,0.109202565808
TEST,9,1.7,0.5,0.117812768112
TEST,9,1.7,0.6,0.127365154716
TEST,9,1.7,0.7,0.137978917609
TEST,9,1.7,0.8,0.149786404446
TEST,9,1.7,0.9,0.162932551645
TEST,5,1.7,1.0,0.17757286788
TEST,5,1.7,1.1,0.193869112084
TEST,5,1.7,1.2,0.211981451275
TEST,5,1.7,1.3,0.232055452343
TEST,5,1.7,1.4,0.254201823313
TEST,5,1.7,1.5,0.278466542811
TEST,5,1.7,1.6,0.304789250838
TEST,5,1.7,1.7,0.332949127274
TEST,5,1.7,1.8,0.362500824961
TEST,5,1.7,1.9,0.392709227041
TEST,5,1.7,2.0,0.422500961506
TEST,5,1.7,2.1,0.450460583959
TEST,5,1.7,2.2,0.474904181538
TEST,5,1.7,2.3,0.494053543697
TEST,5,1.7,2.4,0.506302805111
TEST,5,1.7,2.5,0.510521995154
TEST,5,1.7,2.6,0.506302805111
TEST,5,1.7,2.7,0.494053543697
TEST,5,1.7,2.8,0.474904181538
TEST,5,1.7,2.9,0.450460583959
TEST,5,1.7,3.0,0.422500961506
TEST,5,1.7,3.1,0.392709227041
TEST,5,1.7,3.2,0.362500824961
TEST,3,1.7,3.3,0.332949127274
TEST,3,1.7,3.4,0.304789250838
TEST,3,1.7,3.5,0.278466542811
TEST,3,1.7,3.6,0.254201823313
TEST,3,1.7,3.7,0.232055452343
TEST,3,1.7,3.8,0.211981451275
TEST,3,1.7,3.9,0.193869112084
TEST,3,1.7,4.0,0.17757286788
TEST,3,1.7,4.1,0.162932551645
TEST,3,1.7,4.2,0.149786404446
TEST,9,1.8,-0.2,0.0621074704409
TEST,9,1.8,-0.1,0.0662427668396
TEST,9,1.8,0.0,0.070777506583
TEST,9,1.8,0.1,0.0757604057533
TEST,9,1.8,0.2,0.0812469066322
TEST,9,1.8,0.3,0.0873000702058
TEST,9,1.8,0.4,0.0939915194373
TEST,9,1.8,0.5,0.101402389239
TEST,9,1.8,0.6,0.109624204583
TEST,9,1.8,0.7,0.118759554965
TEST,9,1.8,0.8,0.128922353067
TEST,9,1.8,0.9,0.14023734682
TEST,9,1.8,1.0,0.152838383781
TEST,9,1.8,1.1,0.166864691153
TEST,5,1.8,1.2,0.182454125966
TEST,5,1.8,1.3,0.199731978804
TEST,5,1.8,1.4,0.218793536947
TEST,5,1.8,1.5,0.239678374565
TEST,5,1.8,1.6,0.262334539325
TEST,5,1.8,1.7,0.286571969589
TEST,5,1.8,1.8,0.312007351505
TEST,5,1.8,1.9,0.33800796413
TEST,5,1.8,2.0,0.363649947616
TEST,5,1.8,2.1,0.387715017679
TEST,5,1.8,2.2,0.408753817088
TEST,5,1.8,2.3,0.425235825841
TEST,5,1.8,2.4,0.435778862845
TEST,5,1.8,2.5,0.439410353369
TEST,5,1.8,2.6,0.435778862845
TEST,5,1.8,2.7,0.425235825841
TEST,5,1.8,2.8,0.408753817088
TEST,5,1.8,2.9,0.387715017679
TEST,5,1.8,3.0,0.363649947616
TEST,5,1.8,3.1,0.33800796413
TEST,3,1.8,3.2,0.312007351505
TEST,3,1.8,3.3,0.286571969589
TEST,3,1.8,3.4,0.262334539325
TEST,3,1.8,3.5,0.239678374565
TEST,3,1.8,3.6,0.218793536947
TEST,3,1.8,3.7,0.199731978804
TEST,3,1.8,3.8,0.182454125966
TEST,3,1.8,3.9,0.166864691153
TEST,3,1.8,4.0,0.152838383781
TEST,3,1.8,4.1,0.14023734682
TEST,3,1.8,4.2,0.128922353067
TEST,9,1.9,-0.2,0.0523978876588
TEST,9,1.9,-0.1,0.0558866917366
TEST,9,1.9,0.0,0.0597124921105
TEST,9,1.9,0.1,0.0639163888251
TEST,9,1.9,0.2,0.0685451565829
TEST,9,1.9,0.3,0.073651997719
TEST,9,1.9,0.4,0.0792973380077
TEST,9,1.9,0.5,0.0855496281198
TEST,9,1.9,0.6,0.0924860844538
TEST,9,1.9,0.7,0.100193258158
TEST,9,1.9,0.8,0.108767253355
TEST,9,1.9,0.9,0.118313315485
TEST,9,1.9,1.0,0.128944367021
TEST,9,1.9,1.1,0.140777869058
TEST,9,1.9,1.2,0.153930126721
TEST,9,1.9,1.3,0.168506843266
TEST,5,1.9,1.4,0.184588409221
TEST,5,1.9,1.5,0.20220821192
TEST,5,1.9,1.6,0.221322421006
TEST,5,1.9,1.7,0.241770688165
TEST,5,1.9,1.8,0.263229624984
TEST,5,1.9,1.9,0.285165427066
TEST,5,1.9,2.0,0.306798666361
TEST,5,1.9,2.1,0.327101519282
TEST,5,1.9,2.2,0.344851214126
TEST,5,1.9,2.3,0.358756505019
TEST,5,1.9,2.4,0.367651294399
TEST,5,1.9,2.5,0.370715055186
TEST,5,1.9,2.6,0.367651294399
TEST,5,1.9,2.7,0.358756505019
TEST,5,1.9,2.8,0.344851214126
TEST,5,1.9,2.9,0.327101519282
TEST,3,1.9,3.0,0.306798666361
TEST,3,1.9,3.1,0.285165427066
TEST,3,1.9,3.2,0.263229624984
TEST,3,1.9,3.3,0.241770688165
TEST,3,1.9,3.4,0.221322421006
TEST,3,1.9,3.5,0.20220821192
TEST,3,1.9,3.6,0.184588409221
TEST,3,1.9,3.7,0.168506843266
TEST,3,1.9,3.8,0.153930126721
TEST,3,1.9,3.9,0.140777869058
TEST,3,1.9,4.0,0.128944367021
TEST,3,1.9,4.1,0.118313315485
TEST,3,1.9,4.2,0.108767253355
TEST,9,2.0,-0.2,0.0433309117988
TEST,9,2.0,-0.1,0.0462160101974
TEST,9,2.0,0.0,0.0493797907613
TEST,9,2.0,0.1,0.0528562415476
TEST,9,2.0,0.2,0.0566840433238
TEST,9,2.0,0.3,0.0609071922469
TEST,9,2.0,0.4,0.0655756579628
TEST,9,2.0,0.5,0.0707460463791
TEST,9,2.0,0.6,0.0764822123018
TEST,9,2.0,0.7,0.0828557299936
TEST,9,2.0,0.8,0.089946073636
TEST,9,2.0,0.9,0.0978402769073
TEST,9,2.0,1.0,0.106631722079
TEST,9,2.0,1.1,0.116417544675
TEST,9,2.0,1.2,0.127293924281
TEST,9,2.0,1.3,0.139348273171
TEST,9,2.0,1.4,0.152647071025
TEST,9,2.0,1.5,0.167217927805
TEST,5,2.0,1.6,0.183024597598
TEST,5,2.0,1.7,0.199934478898
TEST,5,2.0,1.8,0.217680142705
TEST,5,2.0,1.9,0.235820154597
TEST,5,2.0,2.0,0.253709959429
TEST,5,2.0,2.1,0.270499589097
TEST,5,2.0,2.2,0.285177861373
TEST,5,2.0,2.3,0.296676968687
TEST,5,2.0,2.4,0.304032596009
TEST,5,2.0,2.5,0.306566200976
TEST,5,2.0,2.6,0.304032596009
TEST,5,2.0,2.7,0.296676968687
TEST,5,2.0,2.8,0.285177861373
TEST,3,2.0,2.9,0.270499589097
TEST,3,2.0,3.0,0.253709959429
TEST,3,2.0,3.1,0.235820154597
TEST,3,2.0,3.2,0.217680142705
TEST,3,2.0,3.3,0.199934478898
TEST,3,2.0,3.4,0.183024597598
TEST,3,2.0,3.5,0.167217927805
TEST,3,2.0,3.6,0.152647071025
TEST,3,2.0,3.7,0.139348273171
TEST,3,2.0,3.8,0.127293924281
TEST,3,2.0,3.9,0.116417544675
TEST,3,2.0,4.0,0.106631722079
TEST,3,2.0,4.1,0.0978402769073
TEST,3,2.0,4.2,0.089946073636
TEST,9,2.1,-0.2,0.0351233544676
TEST,9,2.1,-0.1,0.0374619697776
TEST,9,2.1,0.0,0.0400264804604
TEST,9,2.1,0.1,0.0428444366997
TEST,9,2.1,0.2,0.0459471925162
TEST,9,2.1,0.3,0.0493704105016
TEST,9,2.1,0.4,0.0531545952638
TEST,9,2.1,0.5,0.0573456306596
TEST,9,2.1,0.6,0.0619952763887
TEST,9,2.1,0.7,0.0671615494211
TEST,9,2.1,0.8,0.0729088702763
TEST,9,2.1,0.9,0.0793077870824
TEST,9,2.1,1.0,0.0864339940376
TEST,9,2.1,1.1,0.0943662276677
TEST,9,2.1,1.2,0.10318244963
TEST,9,2.1,1.3,0.112953514936
TEST,9,2.1,1.4,0.123733310967
TEST,9,2.1,1.5,0.135544217923
TEST,9,2.1,1.6,0.148356855438
TEST,9,2.1,1.7,0.162063738821
TEST,5,2.1,1.8,0.176448094337
TEST,5,2.1,1.9,0.191152102199
TEST,5,2.1,2.0,0.205653296159
TEST,5,2.1,2.1,0.219262705463
TEST,5,2.1,2.2,0.231160681729
TEST,5,2.1,2.3,0.24048167696
TEST,5,2.1,2.4,0.246444032587
TEST,5,2.1,2.5,0.248497732858
TEST,5,2.1,2.6,0.246444032587
TEST,3,2.1,2.7,0.24048167696
TEST,3,2.1,2.8,0.231160681729
TEST,3,2.1,2.9,0.219262705463
TEST,3,2.1,3.0,0.205653296159
TEST,3,2.1,3.1,0.191152102199
TEST,3,2.1,3.2,0.176448094337
TEST,3,2.1,3.3,0.162063738821
TEST,3,2.1,3.4,0.148356855438
TEST,3,2.1,3.5,0.135544217923
TEST,3,2.1,3.6,0.123733310967
TEST,3,2.1,3.7,0.112953514936
TEST,3,2.1,3.8,0.10318244963
TEST,3,2.1,3.9,0.0943662276677
TEST,3,2.1,4.0,0.0864339940376
TEST,3,2.1,4.1,0.0793077870824
TEST,3,2.1,4.2,0.0729088702763
TEST,9,2.2,-0.2,0.0279066853571
TEST,9,2.2,-0.1,0.0297647938043
TEST,9,2.2,0.0,0.0318023837157
TEST,9,2.2,0.1,0.0340413446382
TEST,9,2.2,0.2,0.0365065883948
TEST,9,2.2,0.3,0.0392264501129
TEST,9,2.2,0.4,0.0422331120645
TEST,9,2.2,0.5,0.0455630305158
TEST,9,2.2,0.6,0.0492573302873
TEST,9,2.2,0.7,0.0533621078113
TEST,9,2.2,0.8,0.057928547355
TEST,9,2.2,0.9,0.0630127017772
TEST,9,2.2,1.0,0.0686747126615
TEST,9,2.2,1.1,0.0749771388235
TEST,9,2.2,1.2,0.0819819234194
TEST,9,2.2,1.3,0.0897453631372
TEST,9,2.2,1.4,0.0983102733121
TEST,9,2.2,1.5,0.107694435765
TEST,9,2.2,1.6,0.117874506807
TEST,9,2.2,1.7,0.12876508624
TEST,9,2.2,1.8,0.140193940049
TEST,9,2.2,1.9,0.151876768386
TEST,5,2.2,2.0,0.163398454264
TEST,5,2.2,2.1,0.174211587266
TEST,5,2.2,2.2,0.183664929211
TEST,5,2.2,2.3,0.191070773131
TEST,5,2.2,2.4,0.195808065027
TEST,5,2.2,2.5,0.197439798902
TEST,3,2.2,2.6,0.195808065027
TEST,3,2.2,2.7,0.191070773131
TEST,3,2.2,2.8,0.183664929211
TEST,3,2.2,2.9,0.174211587266
TEST,3,2.2,3.0,0.163398454264
TEST,3,2.2,3.1,0.151876768386
TEST,3,2.2,3.2,0.140193940049
TEST,3,2.2,3.3,0.12876508624
TEST,3,2.2,3.4,0.117874506807
TEST,3,2.2,3.5,0.107694435765
TEST,3,2.2,3.6,0.0983102733121
TEST,3,2.2,3.7,0.0897453631372
TEST,3,2.2,3.8,0.0819819234194
TEST,3,2.2,3.9,0.0749771388235
TEST,3,2.2,4.0,0.0686747126615
TEST,3,2.2,4.1,0.0630127017772
TEST,3,2.2,4.2,0.057928547355
TEST,9,2.3,-0.2,0.0217337484091
TEST,9,2.3,-0.1,0.0231808447227
TEST,9,2.3,0.0,0.0247677213413
TEST,9,2.3,0.1,0.0265114258611
TEST,9,2.3,0.2,0.0284313596291
TEST,9,2.3,0.3,0.0305495900651
TEST,9,2.3,0.4,0.0328911807474
TEST,9,2.3,0.5,0.0354845238448
TEST,9,2.3,0.6,0.0383616473998
TEST,9,2.3,0.7,0.0415584513498
TEST,9,2.3,0.8,0.0451147980423
TEST,9,2.3,0.9,0.0490743414875
TEST,9,2.3,1.0,0.053483919998
TEST,9,2.3,1.1,0.0583922544282
TEST,9,2.3,1.2,0.0638475861567
TEST,9,2.3,1.3,0.0698937590883
TEST,9,2.3,1.4,0.0765641178394
TEST,9,2.3,1.5,0.0838725109059
TEST,9,2.3,1.6,0.0918007582055
TEST,9,2.3,1.7,0.100282349996
TEST,9,2.3,1.8,0.109183150292
TEST,9,2.3,1.9,0.118281746149
TEST,9,2.3,2.0,0.127254844133
TEST,5,2.3,2.1,0.135676120583
TEST,5,2.3,2.2,0.143038390692
TEST,5,2.3,2.3,0.148806067736
TEST,5,2.3,2.4,0.152495474374
TEST,3,2.3,2.5,0.153766269994
TEST,3,2.3,2.6,0.152495474374
TEST,3,2.3,2.7,0.148806067736
TEST,3,2.3,2.8,0.143038390692
TEST,3,2.3,2.9,0.135676120583
TEST,3,2.3,3.0,0.127254844133
TEST,3,2.3,3.1,0.118281746149
TEST,3,2.3,3.2,0.109183150292
TEST,3,2.3,3.3,0.100282349996
TEST,3,2.3,3.4,0.0918007582055
TEST,3,2.3,3.5,0.0838725109059
TEST,3,2.3,3.6,0.0765641178394
TEST,3,2.3,3.7,0.0698937590883
TEST,3,2.3,3.8,0.0638475861567
TEST,3,2.3,3.9,0.0583922544282
TEST,3,2.3,4.0,0.053483919998
TEST,3,2.3,4.1,0.0490743414875
TEST,3,2.3,4.2,0.0451147980423
TEST,9,2.4,-0.2,0.0165910978706
TEST,9,2.4,-0.1,0.0176957815227
TEST,9,2.4,0.0,0.0189071705934
TEST,9,2.4,0.1,0.020238278868
TEST,9,2.4,0.2,0.021703916937
TEST,9,2.4,0.3,0.0233209306161
TEST,9,2.4,0.4,0.0251084529271
TEST,9,2.4,0.5,0.0270881578694
TEST,9,2.4,0.6,0.029284494994
TEST,9,2.4,0.7,0.0317248695768
TEST,9,2.4,0.8,0.0344397117166
TEST,9,2.4,0.9,0.0374623459896
TEST,9,2.4,1.0,0.0408285278032
TEST,9,2.4,1.1,0.0445754496586
TEST,9,2.4,1.2,0.048739938035
TEST,9,2.4,1.3,0.0533554624701
TEST,9,2.4,1.4,0.0584474775606
TEST,9,2.4,1.5,0.0640265549641
TEST,9,2.4,1.6,0.0700788163786
TEST,9,2.4,1.7,0.076553489631
TEST,9,2.4,1.8,0.0833481780598
TEST,9,2.4,1.9,0.0902938595648
TEST,9,2.4,2.0,0.0971437385662
TEST,9,2.4,2.1,0.103572368324
TEST,9,2.4,2.2,0.109192574357
TEST,3,2.4,2.3,0.113595500743
TEST,3,2.4,2.4,0.116411918117
TEST,3,2.4,2.5,0.117382017434
TEST,3,2.4,2.6,0.116411918117
TEST,3,2.4,2.7,0.113595500743
TEST,3,2.4,2.8,0.109192574357
TEST,3,2.4,2.9,0.103572368324
TEST,3,2.4,3.0,0.0971437385662
TEST,3,2.4,3.1,0.0902938595648
TEST,3,2.4,3.2,0.0833481780598
TEST,3,2.4,3.3,0.076553489631
TEST,3,2.4,3.4,0.0700788163786
TEST,3,2.4,3.5,0.0640265549641
TEST,3,2.4,3.6,0.0584474775606
TEST,3,2.4,3.7,0.0533554624701
TEST,3,2.4,3.8,0.048739938035
TEST,3,2.4,3.9,0.0445754496586
TEST,3,2.4,4.0,0.0408285278032
TEST,3,2.4,4.1,0.0374623459896
TEST,3,2.4,4.2,0.0344397117166
TEST,9,2.5,-0.2,0.0124145140827
TEST,9,2.5,-0.1,0.0132411086133
TEST,9,2.5,0.0,0.0141475469211
TEST,9,2.5,0.1,0.0151435667474
TEST,9,2.5,0.2,0.0162402503177
TEST,9,2.5,0.3,0.017450202742
TEST,9,2.5,0.4,0.0187877405636
TEST,9,2.5,0.5,0.0202690816465
TEST,9,2.5,0.6,0.0219125206989
TEST,9,2.5,0.7,0.0237385640905
TEST,9,2.5,0.8,0.0257699815555
TEST,9,2.5,0.9,0.0280317086601
TEST,9,2.5,1.0,0.030550499873
TEST,9,2.5,1.1,0.0333541849879
TEST,9,2.5,1.2,0.0364703199176
TEST,9,2.5,1.3,0.0399239486977
TEST,9,2.5,1.4,0.0437341180755
TEST,9,2.5,1.5,0.0479087384372
TEST,9,2.5,1.6,0.0524374251552
TEST,9,2.5,1.7,0.0572821872619
TEST,9,2.5,1.8,0.0623664050662
TEST,9,2.5,1.9,0.0675636054884
TEST,9,2.5,2.0,0.0726891203875
TEST,9,2.5,2.1,0.0774994298249
TEST,9,2.5,2.2,0.0817048252418
TEST,3,2.5,2.3,0.0849993746467
TEST,3,2.5,2.4,0.0871067971586
TEST,3,2.5,2.5,0.0878326871349
TEST,3,2.5,2.6,0.0871067971586
TEST,3,2.5,2.7,0.0849993746467
TEST,3,2.5,2.8,0.0817048252418
TEST,3,2.5,2.9,0.0774994298249
TEST,3,2.5,3.0,0.0726891203875
TEST,3,2.5,3.1,0.0675636054884
TEST,3,2.5,3.2,0.0623664050662
TEST,3,2.5,3.3,0.0572821872619
TEST,3,2.5,3.4,0.0524374251552
TEST,3,2.5,3.5,0.0479087384372
TEST,3,2.5,3.6,0.0437341180755
TEST,3,2.5,3.7,0.0399239486977
TEST,3,2.5,3.8,0.0364703199176
TEST,3,2.5,3.9,0.0333541849879
TEST,3,2.5,4.0,0.030550499873
TEST,3,2.5,4.1,0.0280317086601
TEST,3,2.5,4.2,0.0257699815555
TEST,9,2.6,-0.2,0.00910538756694
TEST,9,2.6,-0.1,0.00971165080946
TEST,9,2.6,0.0,0.0103764752273
TEST,9,2.6,0.1,0.0111070029373
TEST,9,2.6,0.2,0.0119113621638
TEST,9,2.6,0.3,0.0127987980866
TEST,9,2.6,0.4,0.0137798111307
TEST,9,2.6,0.5,0.0148662962391
TEST,9,2.6,0.6,0.0160716716098
TEST,9,2.6,0.7,0.0174109775773
TEST,9,2.6,0.8,0.0189009145338
TEST,9,2.6,0.9,0.0205597713945
TEST,9,2.6,1.0,0.022407171143
TEST,9,2.6,1.1,0.0244635254567
TEST,9,2.6,1.2,0.0267490451361
TEST,9,2.6,1.3,0.0292820986528
TEST,9,2.6,1.4,0.0320766557856
TEST,9,2.6,1.5,0.0351385183833
TEST,9,2.6,1.6,0.0384600698723
TEST,9,2.6,1.7,0.0420134458931
TEST,9,2.6,1.8,0.0457424499664
TEST,9,2.6,1.9,0.049554320797
TEST,9,2.6,2.0,0.0533136140988
TEST,9,2.6,2.1,0.0568417209142
TEST,9,2.6,2.2,0.0599261553824
TEST,3,2.6,2.3,0.0623425326156
TEST,3,2.6,2.4,0.0638882152424
TEST,3,2.6,2.5,0.0644206170361
TEST,3,2.6,2.6,0.0638882152424
TEST,3,2.6,2.7,0.0623425326156
TEST,3,2.6,2.8,0.0599261553824
TEST,3,2.6,2.9,0.0568417209142
TEST,3,2.6,3.0,0.0533136140988
TEST,3,2.6,3.1,0.049554320797
TEST,3,2.6,3.2,0.0457424499664
TEST,3,2.6,3.3,0.0420134458931
TEST,3,2.6,3.4,0.0384600698723
TEST,3,2.6,3.5,0.0351385183833
TEST,3,2.6,3.6,0.0320766557856
TEST,3,2.6,3.7,0.0292820986528
TEST,3,2.6,3.8,0.0267490451361
TEST,3,2.6,3.9,0.0244635254567
TEST,3,2.6,4.0,0.022407171143
TEST,3,2.6,4.1,0.0205597713945
TEST,3,2.6,4.2,0.0189009145338
TEST,9,2.7,-0.2,0.00654607922397
TEST,9,2.7,-0.1,0.00698193625772
TEST,9,2.7,0.0,0.00745989431027
TEST,9,2.7,0.1,0.00798508801889
TEST,9,2.7,0.2,0.00856336095709
TEST,9,2.7,0.3,0.00920135970389
TEST,9,2.7,0.4,0.00990663326408
TEST,9,2.7,0.5,0.0106877331945
TEST,9,2.7,0.6,0.0115543061562
TEST,9,2.7,0.7,0.0125171650026
TEST,9,2.7,0.8,0.0135883160419
TEST,9,2.7,0.9,0.0147809076094
TEST,9,2.7,1.0,0.0161090471338
TEST,9,2.7,1.1,0.0175874090543
TEST,9,2.7,1.2,0.019230523395
TEST,9,2.7,1.3,0.0210515956862
TEST,9,2.7,1.4,0.0230606691334
TEST,9,2.7,1.5,0.0252619148234
TEST,9,2.7,1.6,0.0276498570206
TEST,9,2.7,1.7,0.0302044633758
TEST,9,2.7,1.8,0.0328853329062
TEST,9,2.7,1.9,0.0356257773151
TEST,9,2.7,2.0,0.0383284224907
TEST,9,2.7,2.1,0.0408648622143
TEST,9,2.7,2.2,0.0430823353577
TEST,3,2.7,2.3,0.0448195262996
TEST,3,2.7,2.4,0.0459307542244
TEST,3,2.7,2.5,0.0463135105096
TEST,3,2.7,2.6,0.0459307542244
TEST,3,2.7,2.7,0.0448195262996
TEST,3,2.7,2.8,0.0430823353577
TEST,3,2.7,2.9,0.0408648622143
TEST,3,2.7,3.0,0.0383284224907
TEST,3,2.7,3.1,0.0356257773151
TEST,3,2.7,3.2,0.0328853329062
TEST,3,2.7,3.3,0.0302044633758
TEST,3,2.7,3.4,0.0276498570206
TEST,3,2.7,3.5,0.0252619148234
TEST,3,2.7,3.6,0.0230606691334
TEST,3,2.7,3.7,0.0210515956862
TEST,3,2.7,3.8,0.019230523395
TEST,3,2.7,3.9,0.0175874090543
TEST,3,2.7,4.0,0.0161090471338
TEST,3,2.7,4.1,0.0147809076094
TEST,3,2.7,4.2,0.0135883160419
TEST,9,2.8,-0.2,0.00461294406348
TEST,9,2.8,-0.1,0.00492008732399
TEST,9,2.8,0.0,0.005256898671
TEST,9,2.8,0.1,0.00562699642227
TEST,9,2.8,0.2,0.00603449847442
TEST,9,2.8,0.3,0.00648408859255
TEST,9,2.8,0.4,0.00698108647041
TEST,9,2.8,0.5,0.00753151828827
TEST,9,2.8,0.6,0.00814218193326
TEST,9,2.8,0.7,0.00882069709437
TEST,9,2.8,0.8,0.00957552447408
TEST,9,2.8,0.9,0.0104159295476
TEST,9,2.8,1.0,0.0113518536519
TEST,9,2.8,1.1,0.0123936376896
TEST,9,2.8,1.2,0.0135515207955
TEST,9,2.8,1.3,0.0148348087496
TEST,9,2.8,1.4,0.0162505788792
TEST,9,2.8,1.5,0.0178017704995
TEST,9,2.8,1.6,0.0194845249249
TEST,9,2.8,1.7,0.0212847255973
TEST,9,2.8,1.8,0.0231739024254
TEST,9,2.8,1.9,0.0251050609609
TEST,9,2.8,2.0,0.0270095828269
TEST,9,2.8,2.1,0.0287969816904
TEST,9,2.8,2.2,0.0303596086039
TEST,3,2.8,2.3,0.0315837863702
TEST,3,2.8,2.4,0.0323668554537
TEST,3,2.8,2.5,0.0326365792492
TEST,3,2.8,2.6,0.0323668554537
TEST,3,2.8,2.7,0.0315837863702
TEST,3,2.8,2.8,0.0303596086039
TEST,3,2.8,2.9,0.0287969816904
TEST,3,2.8,3.0,0.0270095828269
TEST,3,2.8,3.1,0.0251050609609
TEST,3,2.8,3.2,0.0231739024254
TEST,3,2.8,3.3,0.0212847255973
TEST,3,2.8,3.4,0.0194845249249
TEST,3,2.8,3.5,0.0178017704995
TEST,3,2.8,3.6,0.0162505788792
TEST,3,2.8,3.7,0.0148348087496
TEST,3,2.8,3.8,0.0135515207955
TEST,3,2.8,3.9,0.0123936376896
TEST,3,2.8,4.0,0.0113518536519
TEST,3,2.8,4.1,0.0104159295476
TEST,3,2.8,4.2,0.00957552447408
TEST,9,2.9,-0.2,0.00318631882996
TEST,9,2.9,-0.1,0.00339847322442
TEST,9,2.9,0.0,0.00363112038475
TEST,9,2.9,0.1,0.00388675960723
TEST,9,2.9,0.2,0.00416823526446
TEST,9,2.9,0.3,0.00447878259377
TEST,9,2.9,0.4,0.00482207609026
TEST,9,2.9,0.5,0.00520227824353
TEST,9,2.9,0.6,0.0056240845876
TEST,9,2.9,0.7,0.00609275830323
TEST,9,2.9,0.8,0.00661414348811
TEST,9,2.9,0.9,0.00719464012403
TEST,9,2.9,1.0,0.00784111503372
TEST,9,2.9,1.1,0.00856071103366
TEST,9,2.9,1.2,0.0093605006458
TEST,9,2.9,1.3,0.0102469116918
TEST,9,2.9,1.4,0.0112248327246
TEST,9,2.9,1.5,0.0122962940302
TEST,9,2.9,1.6,0.0134586302818
TEST,9,2.9,1.7,0.0147020906882
TEST,9,2.9,1.8,0.0160070099801
TEST,9,2.9,1.9,0.0173409274784
TEST,9,2.9,2.0,0.0186564461147
TEST,9,2.9,2.1,0.0198910638723
TEST,9,2.9,2.2,0.0209704239274
TEST,3,2.9,2.3,0.0218160055374
TEST,3,2.9,2.4,0.0223568982367
TEST,3,2.9,2.5,0.022543205722
TEST,3,2.9,2.6,0.0223568982367
TEST,3,2.9,2.7,0.0218160055374
TEST,3,2.9,2.8,0.0209704239274
TEST,3,2.9,2.9,0.0198910638723
TEST,3,2.9,3.0,0.0186564461147
TEST,3,2.9,3.1,0.0173409274784
TEST,3,2.9,3.2,0.0160070099801
TEST,3,2.9,3.3,0.0147020906882
TEST,3,2.9,3.4,0.0134586302818
TEST,3,2.9,3.5,0.0122962940302
TEST,3,2.9,3.6,0.0112248327246
TEST,3,2.9,3.7,0.0102469116918
TEST,3,2.9,3.8,0.0093605006458
TEST,3,2.9,3.9,0.00856071103366
TEST,3,2.9,4.0,0.00784111503372
TEST,3,2.9,4.1,0.00719464012403
TEST,3,2.9,4.2,0.00661414348811
TEST,9,3.0,-0.2,0.00215731906817
TEST,9,3.0,-0.1,0.00230095965939
TEST,9,3.0,0.0,0.00245847501862
TEST,9,3.0,0.1,0.0026315573116
TEST,9,3.0,0.2,0.00282213234033
TEST,9,3.0,0.3,0.00303239054449
TEST,9,3.0,0.4,0.00326481976626
TEST,9,3.0,0.5,0.00352223824783
TEST,9,3.0,0.6,0.00380782513279
TEST,9,3.0,0.7,0.00412514389386
TEST,9,3.0,0.8,0.00447815131754
TEST,9,3.0,0.9,0.00487118055551
TEST,9,3.0,1.0,0.00530888083731
TEST,9,3.0,1.1,0.00579608825593
TEST,9,3.0,1.2,0.00633759131098
TEST,9,3.0,1.3,0.00693774200331
TEST,9,3.0,1.4,0.0075998501613
TEST,9,3.0,1.5,0.00832529040397
TEST,9,3.0,1.6,0.0091122581536
TEST,9,3.0,1.7,0.00995415156996
TEST,9,3.0,1.8,0.0108376561472
TEST,9,3.0,1.9,0.0117407941594
TEST,9,3.0,2.0,0.0126314750957
TEST,9,3.0,2.1,0.0134673815358
TEST,9,3.0,2.2,0.0141981696812
TEST,3,3.0,2.3,0.0147706765232
TEST,3,3.0,2.4,0.0151368916436
TEST,3,3.0,2.5,0.0152630324073
TEST,3,3.0,2.6,0.0151368916436
TEST,3,3.0,2.7,0.0147706765232
TEST,3,3.0,2.8,0.0141981696812
TEST,3,3.0,2.9,0.0134673815358
TEST,3,3.0,3.0,0.0126314750957
TEST,3,3.0,3.1,0.0117407941594
TEST,3,3.0,3.2,0.0108376561472
TEST,3,3.0,3.3,0.00995415156996
TEST,3,3.0,3.4,0.0091122581536
TEST,3,3.0,3.5,0.00832529040397
TEST,3,3.0,3.6,0.0075998501613
TEST,3,3.0,3.7,0.00693774200331
TEST,3,3.0,3.8,0.00633759131098
TEST,3,3.0,3.9,0.00579608825593
TEST,3,3.0,4.0,0.00530888083731
TEST,3,3.0,4.1,0.00487118055551
TEST,3,3.0,4.2,0.00447815131754
TEST,9,3.1,-0.2,0.00143170533921
TEST,9,3.1,-0.1,0.00152703245351
TEST,9,3.1,0.0,0.00163156756106
TEST,9,3.1,0.1,0.00174643366809
TEST,9,3.1,0.2,0.00187290883358
TEST,9,3.1,0.3,0.00201244674336
TEST,9,3.1,0.4,0.00216669845453
TEST,9,3.1,0.5,0.00233753429421
TEST,9,3.1,0.6,0.00252706410185
TEST,9,3.1,0.7,0.00273765277701
TEST,9,3.1,0.8,0.00297192624203
TEST,9,3.1,0.9,0.00323276019413
TEST,9,3.1,1.0,0.00352324009563
TEST,9,3.1,1.1,0.00384657542086
TEST,9,3.1,1.2,0.00420594405879
TEST,9,3.1,1.3,0.00460423421588
TEST,9,3.1,1.4,0.00504364246055
TEST,9,3.1,1.5,0.00552508105905
TEST,9,3.1,1.6,0.00604735240294
TEST,9,3.1,1.7,0.0066060751793
TEST,9,3.1,1.8,0.00719241321297
TEST,9,3.1,1.9,0.00779178098071
TEST,9,3.1,2.0,0.00838288160684
TEST,9,3.1,2.1,0.00893763112494
TEST,9,3.1,2.2,0.0094226188604
TEST,3,3.1,2.3,0.00980256316929
TEST,3,3.1,2.4,0.0100456019255
TEST,3,3.1,2.5,0.0101293152749
TEST,3,3.1,2.6,0.0100456019255
TEST,3,3.1,2.7,0.00980256316929
TEST,3,3.1,2.8,0.0094226188604
TEST,3,3.1,2.9,0.00893763112494
TEST,3,3.1,3.0,0.00838288160684
TEST,3,3.1,3.1,0.00779178098071
TEST,3,3.1,3.2,0.00719241321297
TEST,3,3.1,3.3,0.0066060751793
TEST,3,3.1,3.4,0.00604735240294
TEST,3,3.1,3.5,0.00552508105905
TEST,3,3.1,3.6,0.00504364246055
TEST,3,3.1,3.7,0.00460423421588
TEST,3,3.1,3.8,0.00420594405879
TEST,3,3.1,3.9,0.00384657542086
TEST,3,3.1,4.0,0.00352324009563
TEST,3,3.1,4.1,0.00323276019413
TEST,3,3.1,4.2,0.00297192624203
TEST,9,3.2,-0.2,9.31337344122E-4
TEST,9,3.2,-0.1,9.93348498944E-4
TEST,9,3.2,0.0,0.00106134953713
TEST,9,3.2,0.1,0.00113607098442
TEST,9,3.2,0.2,0.00121834422983
TEST,9,3.2,0.3,0.0013091149092
TEST,9,3.2,0.4,0.00140945705019
TEST,9,3.2,0.5,0.00152058731761
TEST,9,3.2,0.6,0.0016438781812
TEST,9,3.2,0.7,0.00178086802964
TEST,9,3.2,0.8,0.00193326504929
TEST,9,3.2,0.9,0.00210293990734
TEST,9,3.2,1.0,0.0022918997251
TEST,9,3.2,1.1,0.00250223229481
TEST,9,3.2,1.2,0.00273600486214
TEST,9,3.2,1.3,0.00299509623166
TEST,9,3.2,1.4,0.00328093529112
TEST,9,3.2,1.5,0.003594115478
TEST,9,3.2,1.6,0.00393385773711
TEST,9,3.2,1.7,0.00429731198456
TEST,9,3.2,1.8,0.00467873020804
TEST,9,3.2,1.9,0.00506862439205
TEST,9,3.2,2.0,0.00545314072524
TEST,9,3.2,2.1,0.00581401033205
TEST,9,3.2,2.2,0.0061294992648
TEST,3,3.2,2.3,0.00637665649322
TEST,3,3.2,2.4,0.00653475541454
TEST,3,3.2,2.5,0.00658921170966
TEST,3,3.2,2.6,0.00653475541454
TEST,3,3.2,2.7,0.00637665649322
TEST,3,3.2,2.8,0.0061294992648
TEST,3,3.2,2.9,0.00581401033205
TEST,3,3.2,3.0,0.00545314072524
TEST,3,3.2,3.1,0.00506862439205
TEST,3,3.2,3.2,0.00467873020804
TEST,3,3.2,3.3,0.00429731198456
TEST,3,3.2,3.4,0.00393385773711
TEST,3,3.2,3.5,0.003594115478
TEST,3,3.2,3.6,0.00328093529112
TEST,3,3.2,3.7,0.00299509623166
TEST,3,3.2,3.8,0.00273600486214
TEST,3,3.2,3.9,0.00250223229481
TEST,3,3.2,4.0,0.0022918997251
TEST,3,3.2,4.1,0.00210293990734
TEST,3,3.2,4.2,0.00193326504929
TEST,9,3.3,-0.2,5.93846909269E-4
TEST,9,3.3,-0.1,6.33386967298E-4
TEST,9,3.3,0.0,6.76746343583E-4
TEST,9,3.3,0.1,7.2439084191E-4
TEST,9,3.3,0.2,7.76850579305E-4
TEST,9,3.3,0.3,8.34728519816E-4
TEST,9,3.3,0.4,8.98709493706E-4
TEST,9,3.3,0.5,9.6956928071E-4
TEST,9,3.3,0.6,0.00104818300617
TEST,9,3.3,0.7,0.00113553159002
TEST,9,3.3,0.8,0.00123270421997
TEST,9,3.3,0.9,0.00134089368609
TEST,9,3.3,1.0,0.00146137978542
TEST,9,3.3,1.1,0.00159549375307
TEST,9,3.3,1.2,0.00174455372308
TEST,9,3.3,1.3,0.00190975767413
TEST,9,3.3,1.4,0.00209201670527
TEST,9,3.3,1.5,0.00229170920895
TEST,9,3.3,1.6,0.00250833843766
TEST,9,3.3,1.7,0.00274008709766
TEST,9,3.3,1.8,0.00298329009449
TEST,9,3.3,1.9,0.00323189760237
TEST,9,3.3,2.0,0.00347707604117
TEST,9,3.3,2.1,0.00370717666154
TEST,9,3.3,2.2,0.00390834128658
TEST,3,3.3,2.3,0.0040659356933
TEST,3,3.3,2.4,0.00416674401627
TEST,3,3.3,2.5,0.00420146688308
TEST,3,3.3,2.6,0.00416674401627
TEST,3,3.3,2.7,0.0040659356933
TEST,3,3.3,2.8,0.00390834128658
TEST,3,3.3,2.9,0.00370717666154
TEST,3,3.3,3.0,0.00347707604117
TEST,3,3.3,3.1,0.00323189760237
TEST,3,3.3,3.2,0.00298329009449
TEST,3,3.3,3.3,0.00274008709766
TEST,3,3.3,3.4,0.00250833843766
TEST,3,3.3,3.5,0.00229170920895
TEST,3,3.3,3.6,0.00209201670527
TEST,3,3.3,3.7,0.00190975767413
TEST,3,3.3,3.8,0.00174455372308
TEST,3,3.3,3.9,0.00159549375307
TEST,3,3.3,4.0,0.00146137978542
TEST,3,3.3,4.1,0.00134089368609
TEST,3,3.3,4.2,0.00123270421997
TEST,9,3.4,-0.2,3.71155665306E-4
TEST,9,3.4,-0.1,3.95868291262E-4
TEST,9,3.4,0.0,4.22967999791E-4
TEST,9,3.4,0.1,4.52745919317E-4
TEST,9,3.4,0.2,4.85533374183E-4
TEST,9,3.4,0.3,5.21707218286E-4
TEST,9,3.4,0.4,5.61695472093E-4
TEST,9,3.4,0.5,6.05982999701E-4
TEST,9,3.4,0.6,6.55116756433E-4
TEST,9,3.4,0.7,7.09709819469E-4
TEST,9,3.4,0.8,7.70442933605E-4
TEST,9,3.4,0.9,8.38061595331E-4
TEST,9,3.4,1.0,9.13365680709E-4
TEST,9,3.4,1.1,9.97187214698E-4
TEST,9,3.4,1.2,0.00109035003406
TEST,9,3.4,1.3,0.0011936028782
TEST,9,3.4,1.4,0.00130751518608
TEST,9,3.4,1.5,0.00143232345384
TEST,9,3.4,1.6,0.00156771721316
TEST,9,3.4,1.7,0.00171256065133
TEST,9,3.4,1.8,0.001864563076
TEST,9,3.4,1.9,0.00201994333234
TEST,9,3.4,2.0,0.00217318041272
TEST,9,3.4,2.1,0.00231699382239
TEST,9,3.4,2.2,0.00244272216934
TEST,3,3.4,2.3,0.002541219031
TEST,3,3.4,2.4,0.00260422446152
TEST,3,3.4,2.5,0.00262592633204
TEST,3,3.4,2.6,0.00260422446152
TEST,3,3.4,2.7,0.002541219031
TEST,3,3.4,2.8,0.00244272216934
TEST,3,3.4,2.9,0.00231699382239
TEST,3,3.4,3.0,0.00217318041272
TEST,3,3.4,3.1,0.00201994333234
TEST,3,3.4,3.2,0.001864563076
TEST,3,3.4,3.3,0.00171256065133
TEST,3,3.4,3.4,0.00156771721316
TEST,3,3.4,3.5,0.00143232345384
TEST,3,3.4,3.6,0.00130751518608
TEST,3,3.4,3.7,0.0011936028782
TEST,3,3.4,3.8,0.00109035003406
TEST,3,3.4,3.9,9.97187214698E-4
TEST,3,3.4,4.0,9.13365680709E-4
TEST,3,3.4,4.1,8.38061595331E-4
TEST,3,3.4,4.2,7.70442933605E-4
TEST,9,3.5,-0.2,2.27379756917E-4
TEST,9,3.5,-0.1,2.42519363848E-4
TEST,9,3.5,0.0,2.59121360567E-4
TEST,9,3.5,0.1,2.77364100033E-4
TEST,9,3.5,0.2,2.97450560282E-4
TEST,9,3.5,0.3,3.19611611958E-4
TEST,9,3.5,0.4,3.44109471698E-4
TEST,9,3.5,0.5,3.71241180044E-4
TEST,9,3.5,0.6,4.01341816264E-4
TEST,9,3.5,0.7,4.34786967619E-4
TEST,9,3.5,0.8,4.71993676339E-4
TEST,9,3.5,0.9,5.13418653252E-4
TEST,9,3.5,1.0,5.59551923544E-4
TEST,9,3.5,1.1,6.10903207667E-4
TEST,9,3.5,1.2,6.67977209767E-4
TEST,9,3.5,1.3,7.31232627359E-4
TEST,9,3.5,1.4,8.01018313787E-4
TEST,9,3.5,1.5,8.77479152831E-4
TEST,9,3.5,1.6,9.60424943397E-4
TEST,9,3.5,1.7,0.00104915985665
TEST,9,3.5,1.8,0.00114228055398
TEST,9,3.5,1.9,0.00123747060015
TEST,9,3.5,2.0,0.00133134768016
TEST,9,3.5,2.1,0.00141945157076
TEST,9,3.5,2.2,0.0014964760746
TEST,3,3.5,2.3,0.0015568178518
TEST,3,3.5,2.4,0.00159541664151
TEST,3,3.5,2.5,0.00160871178019
TEST,3,3.5,2.6,0.00159541664151
TEST,3,3.5,2.7,0.0015568178518
TEST,3,3.5,2.8,0.0014964760746
TEST,3,3.5,2.9,0.00141945157076
TEST,3,3.5,3.0,0.00133134768016
TEST,3,3.5,3.1,0.00123747060015
TEST,3,3.5,3.2,0.00114228055398
TEST,3,3.5,3.3,0.00104915985665
TEST,3,3.5,3.4,9.60424943397E-4
TEST,3,3.5,3.5,8.77479152831E-4
TEST,3,3.5,3.6,8.01018313787E-4
TEST,3,3.5,3.7,7.31232627359E-4
TEST,3,3.5,3.8,6.67977209767E-4
TEST,3,3.5,3.9,6.10903207667E-4
TEST,3,3.5,4.0,5.59551923544E-4
TEST,3,3.5,4.1,5.13418653252E-4
TEST,3,3.5,4.2,4.71993676339E-4
TEST,9,3.6,-0.2,1.3654053874E-4
TEST,9,3.6,-0.1,1.45631805767E-4
TEST,9,3.6,0.0,1.55601231397E-4
TEST,9,3.6,0.1,1.66555915791E-4
TEST,9,3.6,0.2,1.78617746364E-4
TEST,9,3.6,0.3,1.91925359918E-4
TEST,9,3.6,0.4,2.06636216382E-4
TEST,9,3.6,0.5,2.22928687289E-4
TEST,9,3.6,0.6,2.41003986259E-4
TEST,9,3.6,0.7,2.6108765178E-4
TEST,9,3.6,0.8,2.83430115869E-4
TEST,9,3.6,0.9,3.08305631358E-4
TEST,9,3.6,1.0,3.36008456204E-4
TEST,9,3.6,1.1,3.66844675286E-4
TEST,9,3.6,1.2,4.01117361213E-4
TEST,9,3.6,1.3,4.39101959812E-4
TEST,9,3.6,1.4,4.81007955977E-4
TEST,9,3.6,1.5,5.26922351775E-4
TEST,9,3.6,1.6,5.76730932291E-4
TEST,9,3.6,1.7,6.30015855383E-4
TEST,9,3.6,1.8,6.85934422429E-4
TEST,9,3.6,1.9,7.43095624298E-4
TEST,9,3.6,2.0,7.99468395796E-4
TEST,9,3.6,2.1,8.52374392577E-4
TEST,9,3.6,2.2,8.98627266593E-4
TEST,3,3.6,2.3,9.3486223702E-4
TEST,3,3.6,2.4,9.58040639591E-4
TEST,3,3.6,2.5,9.66024311587E-4
TEST,3,3.6,2.6,9.58040639591E-4
TEST,3,3.6,2.7,9.3486223702E-4
TEST,3,3.6,2.8,8.98627266593E-4
TEST,3,3.6,2.9,8.52374392577E-4
TEST,3,3.6,3.0,7.99468395796E-4
TEST,3,3.6,3.1,7.43095624298E-4
TEST,3,3.6,3.2,6.85934422429E-4
TEST,3,3.6,3.3,6.30015855383E-4
TEST,3,3.6,3.4,5.76730932291E-4
TEST,3,3.6,3.5,5.26922351775E-4
TEST,3,3.6,3.6,4.81007955977E-4
TEST,3,3.6,3.7,4.39101959812E-4
TEST,3,3.6,3.8,4.01117361213E-4
TEST,3,3.6,3.9,3.66844675286E-4
TEST,3,3.6,4.0,3.36008456204E-4
TEST,3,3.6,4.1,3.08305631358E-4
TEST,3,3.6,4.2,2.83430115869E-4
TEST,9,3.7,-0.2,8.03684396651E-5
TEST,9,3.7,-0.1,8.57196046176E-5
TEST,9,3.7,0.0,9.15876580881E-5
TEST,9,3.7,0.1,9.80356397638E-5
TEST,9,3.7,0.2,1.05135293183E-4
TEST,9,3.7,0.3,1.12968220655E-4
TEST,9,3.7,0.4,1.21627103878E-4
TEST,9,3.7,0.5,1.31216933222E-4
TEST,9,3.7,0.6,1.41856144024E-4
TEST,9,3.7,0.7,1.5367748936E-4
TEST,9,3.7,0.8,1.66828374757E-4
TEST,9,3.7,0.9,1.81470226797E-4
TEST,9,3.7,1.0,1.97776247176E-4
TEST,9,3.7,1.1,2.15926598974E-4
TEST,9,3.7,1.2,2.36099672234E-4
TEST,9,3.7,1.3,2.58457595741E-4
TEST,9,3.7,1.4,2.83123673343E-4
TEST,9,3.7,1.5,3.10149114889E-4
TEST,9,3.7,1.6,3.39466692914E-4
TEST,9,3.7,1.7,3.70830463455E-4
TEST,9,3.7,1.8,4.03744409915E-4
TEST,9,3.7,1.9,4.37389777408E-4
TEST,9,3.7,2.0,4.70571070866E-4
TEST,9,3.7,2.1,5.01711803497E-4
TEST,9,3.7,2.2,5.28936475005E-4
TEST,3,3.7,2.3,5.50264558674E-4
TEST,3,3.7,2.4,5.63907481617E-4
TEST,3,3.7,2.5,5.6860671063E-4
TEST,3,3.7,2.6,5.63907481617E-4
TEST,3,3.7,2.7,5.50264558674E-4
TEST,3,3.7,2.8,5.28936475005E-4
TEST,3,3.7,2.9,5.01711803497E-4
TEST,3,3.7,3.0,4.70571070866E-4
TEST,3,3.7,3.1,4.37389777408E-4
TEST,3,3.7,3.2,4.03744409915E-4
TEST,3,3.7,3.3,3.70830463455E-4
TEST,3,3.7,3.4,3.39466692914E-4
TEST,3,3.7,3.5,3.10149114889E-4
TEST,3,3.7,3.6,2.83123673343E-4
TEST,3,3.7,3.7,2.58457595741E-4
TEST,3,3.7,3.8,2.36099672234E-4
TEST,3,3.7,3.9,2.15926598974E-4
TEST,3,3.7,4.0,1.97776247176E-4
TEST,3,3.7,4.1,1.81470226797E-4
TEST,3,3.7,4.2,1.66828374757E-4
TEST,9,3.8,-0.2,4.63685560253E-5
TEST,9,3.8,-0.1,4.945590963E-5
TEST,9,3.8,0.0,5.28414819671E-5
TEST,9,3.8,0.1,5.65616437723E-5
TEST,9,3.8,0.2,6.06577874661E-5
TEST,9,3.8,0.3,6.51769934859E-5
TEST,9,3.8,0.4,7.01727345196E-5
TEST,9,3.8,0.5,7.57055847414E-5
TEST,9,3.8,0.6,8.18438753961E-5
TEST,9,3.8,0.7,8.86641983457E-5
TEST,9,3.8,0.8,9.62515991822E-5
TEST,9,3.8,0.9,1.0469921294E-4
TEST,9,3.8,1.0,1.14106968306E-4
TEST,9,3.8,1.1,1.24578810334E-4
TEST,9,3.8,1.2,1.36217661126E-4
TEST,9,3.8,1.3,1.49117060854E-4
TEST,9,3.8,1.4,1.63348149649E-4
TEST,9,3.8,1.5,1.78940473025E-4
TEST,9,3.8,1.6,1.95855244107E-4
TEST,9,3.8,1.7,2.13950565573E-4
TEST,9,3.8,1.8,2.32940260743E-4
TEST,9,3.8,1.9,2.52351949138E-4
TEST,9,3.8,2.0,2.71495890107E-4
TEST,9,3.8,2.1,2.89462529893E-4
TEST,9,3.8,2.2,3.05169798957E-4
TEST,3,3.8,2.3,3.17475032786E-4
TEST,3,3.8,2.4,3.25346314591E-4
TEST,3,3.8,2.5,3.28057533879E-4
TEST,3,3.8,2.6,3.25346314591E-4
TEST,3,3.8,2.7,3.17475032786E-4
TEST,3,3.8,2.8,3.05169798957E-4
TEST,3,3.8,2.9,2.89462529893E-4
TEST,3,3.8,3.0,2.71495890107E-4
TEST,3,3.8,3.1,2.52351949138E-4
TEST,3,3.8,3.2,2.32940260743E-4
TEST,3,3.8,3.3,2.13950565573E-4
TEST,3,3.8,3.4,1.95855244107E-4
TEST,3,3.8,3.5,1.78940473025E-4
TEST,3,3.8,3.6,1.63348149649E-4
TEST,3,3.8,3.7,1.49117060854E-4
TEST,3,3.8,3.8,1.36217661126E-4
TEST,3,3.8,3.9,1.24578810334E-4
TEST,3,3.8,4.0,1.14106968306E-4
TEST,3,3.8,4.1,1.0469921294E-4
TEST,3,3.8,4.2,9.62515991822E-5
TEST,9,3.9,-0.2,2.62225979881E-5
TEST,9,3.9,-0.1,2.79685749898E-5
TEST,9,3.9,0.0,2.9883202271E-5
TEST,9,3.9,0.1,3.19870484079E-5
TEST,9,3.9,0.2,3.43035218673E-5
TEST,9,3.9,0.3,3.68592478343E-5
TEST,9,3.9,0.4,3.9684466474E-5
TEST,9,3.9,0.5,4.28134340229E-5
TEST,9,3.9,0.6,4.62847935382E-5
TEST,9,3.9,0.7,5.01418596664E-5
TEST,9,3.9,0.8,5.4432727853E-5
TEST,9,3.9,0.9,5.92100683295E-5
TEST,9,3.9,1.0,6.45303933098E-5
TEST,9,3.9,1.1,7.04524863667E-5
TEST,9,3.9,1.2,7.70345525671E-5
TEST,9,3.9,1.3,8.43294912572E-5
TEST,9,3.9,1.4,9.23775339912E-5
TEST,9,3.9,1.5,1.01195389509E-4
TEST,9,3.9,1.6,1.10761122845E-4
TEST,9,3.9,1.7,1.20994487456E-4
TEST,9,3.9,1.8,1.31733643147E-4
TEST,9,3.9,1.9,1.42711446743E-4
TEST,9,3.9,2.0,1.53537832358E-4
TEST,9,3.9,2.1,1.63698424205E-4
TEST,9,3.9,2.2,1.72581284433E-4
TEST,3,3.9,2.3,1.79540207193E-4
TEST,3,3.9,2.4,1.83991617288E-4
TEST,3,3.9,2.5,1.85524880766E-4
TEST,3,3.9,2.6,1.83991617288E-4
TEST,3,3.9,2.7,1.79540207193E-4
TEST,3,3.9,2.8,1.72581284433E-4
TEST,3,3.9,2.9,1.63698424205E-4
TEST,3,3.9,3.0,1.53537832358E-4
TEST,3,3.9,3.1,1.42711446743E-4
TEST,3,3.9,3.2,1.31733643147E-4
TEST,3,3.9,3.3,1.20994487456E-4
TEST,3,3.9,3.4,1.10761122845E-4
TEST,3,3.9,3.5,1.01195389509E-4
TEST,3,3.9,3.6,9.23775339912E-5
TEST,3,3.9,3.7,8.43294912572E-5
TEST,3,3.9,3.8,7.70345525671E-5
TEST,3,3.9,3.9,7.04524863667E-5
TEST,3,3.9,4.0,6.45303933098E-5
TEST,3,3.9,4.1,5.92100683295E-5
TEST,3,3.9,4.2,5.4432727853E-5
TEST,9,4.0,-0.2,1.45359015414E-5
TEST,9,4.0,-0.1,1.5503744232E-5
TEST,9,4.0,0.0,1.65650743741E-5
TEST,9,4.0,0.1,1.77312936906E-5
TEST,9,4.0,0.2,1.90153781335E-5
TEST,9,4.0,0.3,2.04320867693E-5
TEST,9,4.0,0.4,2.19981825466E-5
TEST,9,4.0,0.5,2.37326546321E-5
TEST,9,4.0,0.6,2.56569239265E-5
TEST,9,4.0,0.7,2.77950009204E-5
TEST,9,4.0,0.8,3.01735462315E-5
TEST,9,4.0,0.9,3.2821756406E-5
TEST,9,4.0,1.0,3.57709577063E-5
TEST,9,4.0,1.1,3.90537354705E-5
TEST,9,4.0,1.2,4.27023543553E-5
TEST,9,4.0,1.3,4.67461379116E-5
TEST,9,4.0,1.4,5.12073875878E-5
TEST,9,4.0,1.5,5.60953654939E-5
TEST,9,4.0,1.6,6.13979124809E-5
TEST,9,4.0,1.7,6.70705456993E-5
TEST,9,4.0,1.8,7.3023552714E-5
TEST,9,4.0,1.9,7.91088487735E-5
TEST,9,4.0,2.0,8.5110209715E-5
TEST,9,4.0,2.1,9.07425030049E-5
TEST,9,4.0,2.2,9.56665147959E-5
TEST,3,4.0,2.3,9.95240355538E-5
TEST,3,4.0,2.4,1.01991573625E-4
TEST,3,4.0,2.5,1.02841503406E-4
TEST,3,4.0,2.6,1.01991573625E-4
TEST,3,4.0,2.7,9.95240355538E-5
TEST,3,4.0,2.8,9.56665147959E-5
TEST,3,4.0,2.9,9.07425030049E-5
TEST,3,4.0,3.0,8.5110209715E-5
TEST,3,4.0,3.1,7.91088487735E-5
TEST,3,4.0,3.2,7.3023552714E-5
TEST,3,4.0,3.3,6.70705456993E-5
TEST,3,4.0,3.4,6.13979124809E-5
TEST,3,4.0,3.5,5.60953654939E-5
TEST,3,4.0,3.6,5.12073875878E-5
TEST,3,4.0,3.7,4.67461379116E-5
TEST,3,4.0,3.8,4.27023543553E-5
TEST,3,4.0,3.9,3.90537354705E-5
TEST,3,4.0,4.0,3.57709577063E-5
TEST,3,4.0,4.1,3.2821756406E-5
TEST,3,4.0,4.2,3.01735462315E-5
TEST,9,4.1,-0.2,7.89809473531E-6
TEST,9,4.1,-0.1,8.42397290236E-6
TEST,9,4.1,0.0,9.00064755742E-6
TEST,9,4.1,0.1,9.63431383661E-6
TEST,9,4.1,0.2,1.03320222346E-5
TEST,9,4.1,0.3,1.11017921031E-5
TEST,9,4.1,0.4,1.19527316048E-5
TEST,9,4.1,0.5,1.28951585198E-5
TEST,9,4.1,0.6,1.39407119133E-5
TEST,9,4.1,0.7,1.5102437906E-5
TEST,9,4.1,0.8,1.63948225679E-5
TEST,9,4.1,0.9,1.78337298678E-5
TEST,9,4.1,1.0,1.94361809573E-5
TEST,9,4.1,1.1,2.12198811085E-5
TEST,9,4.1,1.2,2.32023613505E-5
TEST,9,4.1,1.3,2.53995546602E-5
TEST,9,4.1,1.4,2.78235785489E-5
TEST,9,4.1,1.5,3.04794655922E-5
TEST,9,4.1,1.6,3.33606091059E-5
TEST,9,4.1,1.7,3.6442839295E-5
TEST,9,4.1,1.8,3.96774108301E-5
TEST,9,4.1,1.9,4.29838617326E-5
TEST,9,4.1,2.0,4.62447064157E-5
TEST,9,4.1,2.1,4.93050178697E-5
TEST,9,4.1,2.2,5.19804839557E-5
TEST,3,4.1,2.3,5.40764712119E-5
TEST,3,4.1,2.4,5.54172101676E-5
TEST,3,4.1,2.5,5.58790202523E-5
TEST,3,4.1,2.6,5.54172101676E-5
TEST,3,4.1,2.7,5.40764712119E-5
TEST,3,4.1,2.8,5.19804839557E-5
TEST,3,4.1,2.9,4.93050178697E-5
TEST,3,4.1,3.0,4.62447064157E-5
TEST,3,4.1,3.1,4.29838617326E-5
TEST,3,4.1,3.2,3.96774108301E-5
TEST,3,4.1,3.3,3.6442839295E-5
TEST,3,4.1,3.4,3.33606091059E-5
TEST,3,4.1,3.5,3.04794655922E-5
TEST,3,4.1,3.6,2.78235785489E-5
TEST,3,4.1,3.7,2.53995546602E-5
TEST,3,4.1,3.8,2.32023613505E-5
TEST,3,4.1,3.9,2.12198811085E-5
TEST,3,4.1,4.0,1.94361809573E-5
TEST,3,4.1,4.1,1.78337298678E-5
TEST,3,4.1,4.2,1.63948225679E-5
TEST,9,4.2,-0.2,4.2064604996E-6
TEST,9,4.2,-0.1,4.4865388997E-6
TEST,9,4.2,0.0,4.79367109284E-6
TEST,9,4.2,0.1,5.13115655771E-6
TEST,9,4.2,0.2,5.50275032999E-6
TEST,9,4.2,0.3,5.9127234506E-6
TEST,9,4.2,0.4,6.36592685234E-6
TEST,9,4.2,0.5,6.86785570031E-6
TEST,9,4.2,0.6,7.4247088652E-6
TEST,9,4.2,0.7,8.04343460397E-6
TEST,9,4.2,0.8,8.73174807864E-6
TEST,9,4.2,0.9,9.49809830895E-6
TEST,9,4.2,1.0,1.03515506208E-5
TEST,9,4.2,1.1,1.13015346967E-5
TEST,9,4.2,1.2,1.23573874193E-5
TEST,9,4.2,1.3,1.35275945612E-5
TEST,9,4.2,1.4,1.48186098098E-5
TEST,9,4.2,1.5,1.62331134735E-5
TEST,9,4.2,1.6,1.77675868864E-5
TEST,9,4.2,1.7,1.94091574139E-5
TEST,9,4.2,1.8,2.11318636933E-5
TEST,9,4.2,1.9,2.28928523344E-5
TEST,9,4.2,2.0,2.4629551477E-5
TEST,9,4.2,2.1,2.62594482659E-5
TEST,9,4.2,2.2,2.76843795672E-5
TEST,3,4.2,2.3,2.88006851949E-5
TEST,3,4.2,2.4,2.95147517699E-5
TEST,3,4.2,2.5,2.97607080347E-5
TEST,3,4.2,2.6,2.95147517699E-5
TEST,3,4.2,2.7,2.88006851949E-5
TEST,3,4.2,2.8,2.76843795672E-5
TEST,3,4.2,2.9,2.62594482659E-5
TEST,3,4.2,3.0,2.4629551477E-5
TEST,3,4.2,3.1,2.28928523344E-5
TEST,3,4.2,3.2,2.11318636933E-5
TEST,3,4.2,3.3,1.94091574139E-5
TEST,3,4.2,3.4,1.77675868864E-5
TEST,3,4.2,3.5,1.62331134735E-5
TEST,3,4.2,3.6,1.48186098098E-5
TEST,3,4.2,3.7,1.35275945612E-5
TEST,3,4.2,3.8,1.23573874193E-5
TEST,3,4.2,3.9,1.13015346967E-5
TEST,3,4.2,4.0,1.03515506208E-5
TEST,3,4.2,4.1,9.49809830895E-6
TEST,3,4.2,4.2,8.73174807864E-6
