200,12.3,0.1016,39.6,0.0408268,128.545
12500,1.5,0.3048,71.3,0.00336729,109.222
5000,0,0.1016,39.6,0.00146332,126.021
400,9.9,0.1524,71.3,0.0193001,135.079
16000,0,0.3048,71.3,0.00266337,108.721
315,22.2,0.0254,39.6,0.0229028,120.716
1250,7.3,0.2286,71.3,0.0104404,127.358
315,9.9,0.1524,71.3,0.0193001,135.459
800,9.5,0.0254,71.3,0.00420654,127.206
2000,0,0.1524,71.3,0.0015988,128.647
4000,15.6,0.1016,39.6,0.0528487,106.604
400,9.9,0.1524,39.6,0.0233328,128.345
1000,0,0.2286,39.6,0.00253511,130.435
10000,2.7,0.1524,71.3,0.00243851,116.724
400,15.4,0.0508,55.5,0.0271925,126.5
5000,4,0.3048,71.3,0.00497773,117.785
2000,7.3,0.2286,71.3,0.0104404,122.708
2000,17.4,0.0254,71.3,0.016104,126.826
500,11.2,0.0508,71.3,0.014072,130.311
1000,12.3,0.1016,39.6,0.0408268,122.435
400,12.7,0.0254,39.6,0.0130253,125.527
2500,0,0.2286,31.7,0.0027238,123.445
1000,12.7,0.0254,71.3,0.0121808,131.698
1600,12.3,0.1016,71.3,0.0337792,124.748
630,15.4,0.0508,55.5,0.0271925,129.33
1250,5.3,0.2286,39.6,0.00614329,125.721
630,0,0.2286,39.6,0.00253511,128.705
1000,15.6,0.1016,71.3,0.0437259,124.438
250,12.7,0.0254,39.6,0.0130253,121.547
1600,8.4,0.0508,31.7,0.00580776,129.296
2000,3,0.3048,71.3,0.00425727,125.524
1000,7.3,0.2286,55.5,0.0111706,125.194
800,6.7,0.1016,39.6,0.00578076,134.625
6300,4.8,0.0254,71.3,0.000848633,134.498
1000,0,0.1524,31.7,0.00209405,130.987
1000,2,0.2286,31.7,0.00372371,130.307
5000,2.7,0.1524,71.3,0.00243851,124.364
2500,9.5,0.0254,31.7,0.00461377,130.086
1000,12.3,0.1016,71.3,0.0337792,127.928
500,0,0.3048,31.7,0.00331266,127.315
3150,1.5,0.3048,71.3,0.00336729,123.392
8000,0,0.0254,55.5,0.00041229,136.163
6300,4.8,0.0254,55.5,0.000873218,135.164
2000,2,0.2286,55.5,0.00313525,124.612
1250,7.3,0.2286,55.5,0.0111706,125.724
630,0,0.3048,55.5,0.00283081,127.696
2500,0,0.1016,31.7,0.00150092,132.003
2000,3.3,0.1016,55.5,0.002211,133.649
4000,4,0.2286,39.6,0.00473801,119.159
5000,2,0.2286,31.7,0.00372371,118.267
2500,0,0.1016,71.3,0.00121072,132.595
4000,8.9,0.1016,39.6,0.0124596,116.22
2000,22.2,0.0254,39.6,0.0229028,121.256
5000,4,0.2286,39.6,0.00473801,117.649
4000,15.4,0.0508,71.3,0.0264269,122.675
3150,5.3,0.2286,39.6,0.00614329,118.441
3150,4,0.2286,71.3,0.00400603,124.108
8000,0,0.1016,55.5,0.00131983,124.45
12500,4,0.2286,71.3,0.00400603,114.258
2500,8.9,0.1016,39.6,0.0124596,119.19
400,3,0.3048,55.5,0.00452492,126.159
400,15.4,0.0508,71.3,0.0264269,126.805
4000,4,0.3048,39.6,0.00579636,115.863
6300,3.3,0.1016,31.7,0.00251435,120.702
2500,4.2,0.0508,39.6,0.00152689,133.847
3150,12.3,0.1016,39.6,0.0408268,113.055
1250,5.4,0.1524,71.3,0.00401199,134.111
500,7.3,0.2286,39.6,0.0123481,130.299
500,7.2,0.1524,39.6,0.00909175,132.658
2500,8.4,0.0508,55.5,0.00544854,131.542
3150,15.4,0.0508,31.7,0.0289853,118.045
800,7.2,0.1524,71.3,0.00752039,136.023
500,12.3,0.1016,55.5,0.0368233,133.774
3150,15.6,0.1016,39.6,0.0528487,109.254
6300,3,0.3048,71.3,0.00425727,116.134
3150,8.4,0.0508,55.5,0.00544854,128.402
1250,17.4,0.0254,31.7,0.0176631,128.306
315,15.4,0.0508,55.5,0.0271925,125.39
1250,17.4,0.0254,71.3,0.016104,126.356
1600,15.4,0.0508,55.5,0.0271925,128.2
3150,3.3,0.1016,31.7,0.00251435,128.252
500,3,0.3048,31.7,0.00529514,127.548
2500,0,0.2286,55.5,0.00229336,126.54
400,0,0.3048,39.6,0.00310138,124.809
5000,0,0.1016,55.5,0.00131983,128.36
2000,9.9,0.1524,55.5,0.0208438,119.505
4000,3.3,0.1016,31.7,0.00251435,124.852
4000,19.7,0.0508,39.6,0.036484,108.684
2500,4,0.2286,71.3,0.00400603,124.338
2000,0,0.1016,31.7,0.00150092,133.153
800,0,0.1016,39.6,0.00146332,128.401
4000,12.3,0.1016,55.5,0.0368233,114.404
1250,8.4,0.0508,39.6,0.00566229,131.205
6300,0,0.1524,31.7,0.00209405,119.737
10000,7.2,0.1524,39.6,0.00909175,110.868
1250,9.5,0.0254,71.3,0.00420654,131.656
4000,5.4,0.1524,55.5,0.00433288,119.737
2500,2,0.2286,31.7,0.00372371,121.407
6300,0,0.0254,39.6,0.000428464,136.826
5000,4.2,0.0508,39.6,0.00152689,129.777
250,9.9,0.1524,71.3,0.0193001,135.329
800,9.9,0.1524,39.6,0.0233328,126.345
5000,17.4,0.0254,39.6,0.0172206,119.854
500,2,0.2286,71.3,0.00293031,126.486
3150,3.3,0.1016,55.5,0.002211,130.629
630,2,0.2286,31.7,0.00372371,129.057
4000,0,0.2286,71.3,0.00214345,125.824
500,5.4,0.1524,71.3,0.00401199,126.291
4000,8.4,0.0508,71.3,0.00529514,126.926
5000,9.5,0.0254,39.6,0.00449821,125.044
630,4,0.2286,71.3,0.00400603,129.038
6300,9.5,0.0254,71.3,0.00420654,127.246
2000,8.4,0.0508,31.7,0.00580776,127.686
1600,0,0.1016,39.6,0.00146332,133.261
8000,0,0.1016,31.7,0.00150092,120.193
630,3.3,0.1016,31.7,0.00251435,128.952
8000,2,0.2286,71.3,0.00293031,115.996
630,0,0.1524,39.6,0.00193287,124.403
3150,7.2,0.1524,39.6,0.00909175,111.818
1250,9.9,0.1524,71.3,0.0193001,122.679
400,22.2,0.0254,71.3,0.0214178,117.927
10000,4,0.3048,71.3,0.00497773,110.905
5000,8.4,0.0508,71.3,0.00529514,121.146
630,1.5,0.3048,39.6,0.00392107,128.311
4000,12.3,0.1016,31.7,0.0418756,108.407
6300,9.5,0.0254,39.6,0.00449821,120.324
4000,0,0.0508,39.6,0.000791822,135.308
4000,5.4,0.1524,71.3,0.00401199,121.431
3150,4.8,0.0254,55.5,0.000873218,132.354
800,0,0.0508,71.3,0.000740478,130.96
4000,4,0.2286,55.5,0.0042862,120.654
2000,6.7,0.1016,55.5,0.0052139,129.653
1600,17.4,0.0254,39.6,0.0172206,127.614
8000,0,0.0254,39.6,0.000428464,135.866
1250,9.5,0.0254,39.6,0.00449821,130.964
1600,19.7,0.0508,39.6,0.036484,117.604
1600,7.2,0.1524,39.6,0.00909175,120.058
1000,0,0.1016,39.6,0.00146332,130.781
400,12.3,0.1016,71.3,0.0337792,139.428
3150,0,0.1016,31.7,0.00150092,129.973
1600,4,0.3048,71.3,0.00497773,126.645
500,9.9,0.1524,55.5,0.0208438,127.815
1250,0,0.1016,71.3,0.00121072,130.335
1250,0,0.0254,31.7,0.000439472,127.947
1250,12.3,0.1016,55.5,0.0368233,124.214
800,5.4,0.1524,71.3,0.00401199,131.281
1600,11.2,0.0508,39.6,0.0150478,126.54
3150,3,0.3048,39.6,0.00495741,118.922
1000,0,0.1524,39.6,0.00193287,130.033
2000,4,0.3048,71.3,0.00497773,124.395
6300,0,0.3048,55.5,0.00283081,117.976
630,7.3,0.2286,31.7,0.0132672,126.189
1250,19.7,0.0508,71.3,0.0341183,121.485
8000,0,0.0508,55.5,0.00076193,130.156
3150,15.4,0.0508,39.6,0.0282593,120.513
800,12.6,0.1524,71.3,0.0483159,123.054
2000,12.7,0.0254,39.6,0.0130253,129.567
2500,9.5,0.0254,55.5,0.0043284,134.152
2000,7.3,0.2286,55.5,0.0111706,120.354
630,2.7,0.1524,71.3,0.00243851,127.404
1600,8.4,0.0508,55.5,0.00544854,133.032
12500,4.8,0.0254,71.3,0.000848633,127.688
5000,3.3,0.1016,31.7,0.00251435,122.082
500,7.3,0.2286,31.7,0.0132672,128.169
1000,4.8,0.0254,39.6,0.000907475,122.956
3150,4,0.3048,39.6,0.00579636,118.743
1000,22.2,0.0254,39.6,0.0229028,128.416
3150,0,0.0508,31.7,0.000812164,135.49
1250,3,0.3048,55.5,0.00452492,127.329
1600,4,0.2286,39.6,0.00473801,125.319
2000,4,0.2286,39.6,0.00473801,121.659
4000,5.3,0.2286,39.6,0.00614329,115.801
1600,4,0.3048,39.6,0.00579636,123.213
1250,15.4,0.0508,71.3,0.0264269,130.845
5000,7.2,0.1524,39.6,0.00909175,113.288
1250,4,0.3048,39.6,0.00579636,126.343
1000,4,0.3048,39.6,0.00579636,128.723
8000,0,0.0508,71.3,0.000740478,130.89
16000,0,0.1524,55.5,0.00172668,112.803
1600,6.7,0.1016,71.3,0.00478288,136.678
315,15.6,0.1016,71.3,0.0437259,133.808
8000,3.3,0.1016,39.6,0.00245138,118.091
630,11.2,0.0508,39.6,0.0150478,133.13
500,15.6,0.1016,39.6,0.0528487,115.304
2000,4.8,0.0254,31.7,0.000930789,130.148
500,0,0.3048,39.6,0.00310138,126.959
6300,17.4,0.0254,71.3,0.016104,119.916
500,17.4,0.0254,39.6,0.0172206,117.514
800,15.6,0.1016,39.6,0.0528487,118.964
315,17.4,0.0254,55.5,0.0165706,111.911
630,7.3,0.2286,71.3,0.0104404,133.768
800,12.3,0.1016,71.3,0.0337792,127.318
2000,5.4,0.1524,71.3,0.00401199,131.111
2500,19.7,0.0508,39.6,0.036484,116.184
1000,15.4,0.0508,31.7,0.0289853,124.525
8000,4.8,0.0254,39.6,0.000907475,131.346
1000,6.7,0.1016,71.3,0.00478288,136.758
500,4,0.2286,55.5,0.0042862,127.314
2000,4,0.3048,39.6,0.00579636,120.963
1600,0,0.0508,39.6,0.000791822,130.908
250,17.4,0.0254,71.3,0.016104,113.796
2500,7.3,0.2286,31.7,0.0132672,114.709
500,12.3,0.1016,71.3,0.0337792,140.158
2500,4.8,0.0254,39.6,0.000907475,131.236
315,9.9,0.1524,39.6,0.0233328,128.595
8000,2.7,0.1524,39.6,0.00294804,116.659
16000,0,0.2286,71.3,0.00214345,114.984
800,0,0.3048,55.5,0.00283081,128.086
4000,9.5,0.0254,31.7,0.00461377,126.736
1000,9.5,0.0254,39.6,0.00449821,130.374
630,8.9,0.1016,39.6,0.0124596,131.92
1000,12.3,0.1016,31.7,0.0418756,119.777
10000,0,0.1016,39.6,0.00146332,119.561
12500,0,0.0254,71.3,0.000400682,133.207
630,4,0.3048,39.6,0.00579636,131.073
1000,9.5,0.0254,71.3,0.00420654,129.556
6300,1.5,0.3048,39.6,0.00392107,114.751
630,0,0.1016,31.7,0.00150092,126.413
3150,0,0.2286,31.7,0.0027238,123.445
315,1.5,0.3048,39.6,0.00392107,121.851
800,5.4,0.1524,31.7,0.00525474,131.491
20000,4.8,0.0254,71.3,0.000848633,119.708
2000,4.8,0.0254,71.3,0.000848633,128.398
3150,4,0.2286,39.6,0.00473801,120.419
3150,9.5,0.0254,71.3,0.00420654,136.166
2000,2.7,0.1524,71.3,0.00243851,130.114
8000,3,0.3048,71.3,0.00425727,114.634
315,12.6,0.1524,71.3,0.0483159,128.484
4000,12.3,0.1016,71.3,0.0337792,118.018
1250,12.3,0.1016,31.7,0.0418756,118.767
6300,3.3,0.1016,55.5,0.002211,123.839
500,0,0.2286,31.7,0.0027238,126.675
315,19.7,0.0508,71.3,0.0341183,121.235
1250,0,0.2286,55.5,0.00229336,127.91
4000,7.3,0.2286,71.3,0.0104404,119.208
2500,0,0.3048,71.3,0.00266337,125.571
8000,4,0.3048,71.3,0.00497773,113.665
2500,1.5,0.3048,71.3,0.00336729,124.512
1250,3.3,0.1016,55.5,0.002211,132.769
2000,0,0.1016,55.5,0.00131983,132.54
400,15.4,0.0508,39.6,0.0282593,125.353
3150,22.2,0.0254,39.6,0.0229028,120.856
200,15.4,0.0508,31.7,0.0289853,119.975
4000,2.7,0.1524,39.6,0.00294804,121.889
400,4,0.2286,55.5,0.0042862,123.274
3150,11.2,0.0508,39.6,0.0150478,119.67
6300,0,0.0508,55.5,0.00076193,132.796
8000,15.4,0.0508,71.3,0.0264269,112.675
2000,0,0.0254,31.7,0.000439472,130.697
2500,6.7,0.1016,55.5,0.0052139,124.273
800,0,0.3048,71.3,0.00266337,126.201
2500,12.3,0.1016,39.6,0.0408268,113.315
630,0,0.3048,39.6,0.00310138,128.629
4000,2,0.2286,71.3,0.00293031,124.086
630,4.8,0.0254,31.7,0.000930789,120.078
6300,0,0.0254,31.7,0.000439472,138.537
315,15.6,0.1016,39.6,0.0528487,122.754
6300,5.4,0.1524,39.6,0.00485029,116.677
1600,9.9,0.1524,55.5,0.0208438,119.875
1000,11.2,0.0508,39.6,0.0150478,132.43
5000,7.3,0.2286,39.6,0.0123481,111.959
800,0,0.2286,39.6,0.00253511,130.205
500,9.9,0.1524,71.3,0.0193001,131.279
3150,19.7,0.0508,71.3,0.0341183,116.225
2500,0,0.1016,55.5,0.00131983,133.04
1000,5.4,0.1524,55.5,0.00433288,132.127
5000,15.4,0.0508,55.5,0.0271925,117.11
315,17.4,0.0254,31.7,0.0176631,118.416
1000,5.4,0.1524,71.3,0.00401199,133.201
2500,1.5,0.3048,39.6,0.00392107,120.981
2500,8.4,0.0508,31.7,0.00580776,125.576
4000,9.5,0.0254,55.5,0.0043284,131.582
1250,4,0.2286,31.7,0.00509068,128.119
1250,15.6,0.1016,71.3,0.0437259,123.178
2000,3.3,0.1016,39.6,0.00245138,132.301
1000,0,0.1524,71.3,0.0015988,127.307
4000,0,0.2286,31.7,0.0027238,122.035
2500,12.7,0.0254,39.6,0.0130253,129.027
2500,15.6,0.1016,39.6,0.0528487,110.264
2500,0,0.0508,55.5,0.00076193,133.956
2000,9.5,0.0254,55.5,0.0043284,134.052
315,0,0.3048,31.7,0.00331266,122.765
4000,9.5,0.0254,71.3,0.00420654,134.236
800,6.7,0.1016,31.7,0.00592927,132.886
1250,0,0.1016,31.7,0.00150092,133.063
4000,9.9,0.1524,55.5,0.0208438,112.945
1000,11.2,0.0508,71.3,0.014072,136.941
1000,0,0.1016,31.7,0.00150092,131.313
4000,12.6,0.1524,71.3,0.0483159,108.034
10000,4,0.2286,71.3,0.00400603,113.108
6300,22.2,0.0254,71.3,0.0214178,123.127
8000,7.2,0.1524,71.3,0.00752039,113.333
1600,3,0.3048,31.7,0.00529514,122.088
1000,7.2,0.1524,39.6,0.00909175,128.338
315,4,0.2286,39.6,0.00473801,122.229
1000,5.3,0.2286,71.3,0.0051942,134
630,3,0.3048,31.7,0.00529514,128.698
1600,3.3,0.1016,71.3,0.00202822,133.664
5000,0,0.1524,71.3,0.0015988,126.457
5000,0,0.0508,55.5,0.00076193,134.556
12500,0,0.0254,39.6,0.000428464,129.116
1250,11.2,0.0508,39.6,0.0150478,130.05
200,22.2,0.0254,39.6,0.0229028,116.066
500,4,0.2286,31.7,0.00509068,128.939
4000,3.3,0.1016,39.6,0.00245138,124.881
800,17.4,0.0254,39.6,0.0172206,135.324
1250,8.9,0.1016,39.6,0.0124596,127.71
1600,8.9,0.1016,71.3,0.0103088,128.763
2000,15.4,0.0508,55.5,0.0271925,127.04
630,0,0.2286,55.5,0.00229336,126.16
630,2,0.2286,71.3,0.00293031,127.356
2500,12.7,0.0254,71.3,0.0121808,134.058
400,12.3,0.1016,31.7,0.0418756,123.207
400,15.6,0.1016,39.6,0.0528487,120.484
2000,12.6,0.1524,39.6,0.0584113,109.52
630,12.3,0.1016,39.6,0.0408268,121.315
2000,0,0.1524,39.6,0.00193287,129.633
6300,0,0.1524,71.3,0.0015988,125.427
10000,0,0.0508,55.5,0.00076193,127.636
1000,0,0.2286,55.5,0.00229336,128.29
4000,15.6,0.1016,71.3,0.0437259,113.298
800,22.2,0.0254,39.6,0.0229028,137.076
315,12.7,0.0254,39.6,0.0130253,123.537
1000,0,0.2286,31.7,0.0027238,130.595
3150,0,0.1524,71.3,0.0015988,129.377
1600,6.7,0.1016,31.7,0.00592927,124.346
800,0,0.1524,55.5,0.00172668,126.713
2500,3,0.3048,71.3,0.00425727,124.024
2000,8.4,0.0508,71.3,0.00529514,134.476
500,7.2,0.1524,71.3,0.00752039,132.043
2500,6.7,0.1016,71.3,0.00478288,131.458
2000,12.3,0.1016,39.6,0.0408268,114.085
800,3,0.3048,39.6,0.00495741,129.552
500,9.5,0.0254,31.7,0.00461377,126.886
3150,5.3,0.2286,71.3,0.0051942,123.12
2000,19.7,0.0508,71.3,0.0341183,120.055
315,2,0.2286,31.7,0.00372371,120.147
400,12.6,0.1524,71.3,0.0483159,127.094
500,4.8,0.0254,39.6,0.000907475,116.366
1600,3,0.3048,39.6,0.00495741,122.782
1000,1.5,0.3048,71.3,0.00336729,125.992
3150,0,0.0508,71.3,0.000740478,135.07
6300,2,0.2286,31.7,0.00372371,115.137
630,15.6,0.1016,39.6,0.0528487,118.084
2000,0,0.3048,55.5,0.00283081,126.616
800,15.4,0.0508,31.7,0.0289853,125.555
2500,12.6,0.1524,71.3,0.0483159,115.234
2000,2,0.2286,39.6,0.00346574,122.797
800,8.4,0.0508,39.6,0.00566229,128.435
4000,0,0.1016,31.7,0.00150092,126.933
630,19.7,0.0508,71.3,0.0341183,128.365
800,0,0.1016,71.3,0.00121072,126.805
1000,19.7,0.0508,39.6,0.036484,118.904
4000,5.4,0.1524,39.6,0.00485029,117.137
4000,15.4,0.0508,39.6,0.0282593,118.113
12500,1.5,0.3048,39.6,0.00392107,106.111
200,9.9,0.1524,71.3,0.0193001,134.319
2500,15.4,0.0508,31.7,0.0289853,119.945
5000,0,0.2286,39.6,0.00253511,122.175
1600,5.4,0.1524,31.7,0.00525474,123.761
500,12.7,0.0254,39.6,0.0130253,127.127
1600,9.5,0.0254,71.3,0.00420654,133.756
630,12.3,0.1016,31.7,0.0418756,119.287
3150,8.9,0.1016,39.6,0.0124596,119.35
12500,0,0.1524,55.5,0.00172668,117.093
500,5.3,0.2286,71.3,0.0051942,129.88
1000,6.7,0.1016,31.7,0.00592927,131.636
1000,8.4,0.0508,39.6,0.00566229,130.195
2500,12.3,0.1016,55.5,0.0368233,117.054
630,6.7,0.1016,71.3,0.00478288,131.448
2000,19.7,0.0508,39.6,0.036484,117.724
2500,4,0.2286,39.6,0.00473801,119.649
1000,3.3,0.1016,55.5,0.002211,131.129
5000,4.8,0.0254,39.6,0.000907475,135.426
6300,7.2,0.1524,39.6,0.00909175,112.688
2500,12.6,0.1524,39.6,0.0584113,106.88
5000,7.3,0.2286,71.3,0.0104404,115.298
8000,0,0.1524,31.7,0.00209405,117.957
5000,0,0.1524,55.5,0.00172668,125.203
1600,9.5,0.0254,39.6,0.00449821,131.184
5000,0,0.2286,71.3,0.00214345,124.304
630,11.2,0.0508,71.3,0.014072,133.611
10000,0,0.0254,39.6,0.000428464,133.376
800,3,0.3048,55.5,0.00452492,129.949
250,0,0.3048,31.7,0.00331266,118.595
800,2,0.2286,39.6,0.00346574,129.037
6300,0,0.1524,55.5,0.00172668,123.303
1600,1.5,0.3048,39.6,0.00392107,122.211
5000,1.5,0.3048,39.6,0.00392107,116.241
2000,17.4,0.0254,31.7,0.0176631,124.356
8000,0,0.3048,71.3,0.00266337,117.151
2000,6.7,0.1016,31.7,0.00592927,120.446
1000,0,0.0508,31.7,0.000812164,126.78
200,9.9,0.1524,31.7,0.0252785,127.299
200,7.3,0.2286,71.3,0.0104404,138.758
2500,12.3,0.1016,71.3,0.0337792,121.318
3150,4,0.2286,31.7,0.00509068,120.229
1250,3,0.3048,39.6,0.00495741,125.802
6300,3.3,0.1016,39.6,0.00245138,120.851
400,17.4,0.0254,39.6,0.0172206,115.444
800,12.3,0.1016,55.5,0.0368233,125.114
500,8.4,0.0508,39.6,0.00566229,122.905
500,9.5,0.0254,39.6,0.00449821,123.894
12500,0,0.3048,71.3,0.00266337,112.241
1250,0,0.1524,39.6,0.00193287,131.023
250,15.4,0.0508,55.5,0.0271925,124.17
1000,5.4,0.1524,31.7,0.00525474,128.241
5000,9.5,0.0254,55.5,0.0043284,128.412
3150,4.8,0.0254,39.6,0.000907475,133.436
4000,7.2,0.1524,39.6,0.00909175,114.258
400,2,0.2286,71.3,0.00293031,125.116
800,4.8,0.0254,39.6,0.000907475,120.766
3150,3,0.3048,55.5,0.00452492,120.189
8000,3.3,0.1016,71.3,0.00202822,121.234
500,2,0.2286,31.7,0.00372371,126.677
1600,22.2,0.0254,39.6,0.0229028,122.216
400,5.3,0.2286,71.3,0.0051942,127.7
4000,0,0.1016,55.5,0.00131983,129.5
8000,0,0.3048,39.6,0.00310138,114.779
12500,0,0.0254,31.7,0.000439472,128.977
4000,4.2,0.0508,71.3,0.00142788,133.598
1250,0,0.2286,71.3,0.00214345,128.144
1000,7.3,0.2286,31.7,0.0132672,119.099
6300,9.9,0.1524,55.5,0.0208438,110.555
400,9.5,0.0254,31.7,0.00461377,124.756
2000,0,0.1524,55.5,0.00172668,129.673
315,4,0.3048,39.6,0.00579636,126.843
630,2.7,0.1524,39.6,0.00294804,125.809
1250,22.2,0.0254,39.6,0.0229028,126.446
1600,3,0.3048,71.3,0.00425727,126.514
200,19.7,0.0508,71.3,0.0341183,118.005
1600,0,0.0254,31.7,0.000439472,129.267
200,0,0.3048,39.6,0.00310138,118.129
1250,4.2,0.0508,39.6,0.00152689,128.427
1000,9.9,0.1524,39.6,0.0233328,123.835
20000,4.8,0.0254,55.5,0.000873218,121.284
3150,4.8,0.0254,71.3,0.000848633,133.378
3150,0,0.3048,71.3,0.00266337,125.201
2500,0,0.1524,71.3,0.0015988,128.127
5000,0,0.3048,55.5,0.00283081,119.606
500,1.5,0.3048,39.6,0.00392107,126.661
1600,3.3,0.1016,31.7,0.00251435,133.402
1600,0,0.1016,71.3,0.00121072,131.725
6300,5.4,0.1524,31.7,0.00525474,115.591
2500,0,0.3048,39.6,0.00310138,121.399
500,4.8,0.0254,31.7,0.000930789,116.128
5000,4.8,0.0254,55.5,0.000873218,135.484
1600,9.5,0.0254,31.7,0.00461377,131.036
1000,4,0.2286,39.6,0.00473801,129.969
10000,2.7,0.1524,39.6,0.00294804,112.589
5000,5.4,0.1524,31.7,0.00525474,115.691
5000,22.2,0.0254,39.6,0.0229028,118.816
10000,12.7,0.0254,39.6,0.0130253,116.017
2500,0,0.3048,31.7,0.00331266,120.755
800,9.9,0.1524,31.7,0.0252785,125.539
800,9.5,0.0254,55.5,0.0043284,128.082
6300,4,0.2286,71.3,0.00400603,118.618
10000,4.8,0.0254,55.5,0.000873218,126.944
200,17.4,0.0254,55.5,0.0165706,109.951
800,7.3,0.2286,31.7,0.0132672,123.209
2500,2,0.2286,39.6,0.00346574,121.397
500,0,0.3048,55.5,0.00283081,126.416
315,12.3,0.1016,71.3,0.0337792,137.068
800,1.5,0.3048,39.6,0.00392107,128.831
2500,0,0.0508,71.3,0.000740478,131.31
4000,9.9,0.1524,71.3,0.0193001,115.079
6300,12.6,0.1524,71.3,0.0483159,107.284
6300,4.2,0.0508,39.6,0.00152689,125.717
2000,9.9,0.1524,31.7,0.0252785,116.859
1600,5.4,0.1524,39.6,0.00485029,126.267
3150,12.6,0.1524,71.3,0.0483159,113.334
400,2,0.2286,39.6,0.00346574,122.147
2500,22.2,0.0254,71.3,0.0214178,126.097
5000,0,0.0508,71.3,0.000740478,134.43
1000,19.7,0.0508,71.3,0.0341183,121.885
6300,0,0.1016,31.7,0.00150092,124.253
800,15.4,0.0508,39.6,0.0282593,128.423
2000,0,0.3048,39.6,0.00310138,123.689
250,9.5,0.0254,39.6,0.00449821,116.924
3150,5.4,0.1524,31.7,0.00525474,118.291
10000,3.3,0.1016,71.3,0.00202822,116.694
3150,0,0.0254,39.6,0.000428464,133.276
1250,12.3,0.1016,39.6,0.0408268,121.165
4000,0,0.1524,31.7,0.00209405,123.807
20000,4,0.2286,71.3,0.00400603,109.638
5000,15.4,0.0508,71.3,0.0264269,119.135
4000,0,0.3048,39.6,0.00310138,119.229
1600,9.9,0.1524,31.7,0.0252785,117.119
1250,2.7,0.1524,39.6,0.00294804,130.829
4000,0,0.0254,55.5,0.00041229,133.223
4000,4,0.3048,71.3,0.00497773,119.535
800,19.7,0.0508,39.6,0.036484,119.174
5000,5.4,0.1524,71.3,0.00401199,120.061
4000,2,0.2286,31.7,0.00372371,120.527
4000,3.3,0.1016,55.5,0.002211,127.229
5000,2.7,0.1524,39.6,0.00294804,121.499
4000,4.8,0.0254,39.6,0.000907475,134.996
315,0,0.2286,39.6,0.00253511,121.055
1600,2.7,0.1524,71.3,0.00243851,130.644
4000,12.6,0.1524,39.6,0.0584113,104.5
1250,2.7,0.1524,71.3,0.00243851,130.144
800,4,0.2286,31.7,0.00509068,130.869
400,9.9,0.1524,31.7,0.0252785,128.939
3150,17.4,0.0254,31.7,0.0176631,123.466
5000,2,0.2286,71.3,0.00293031,122.816
5000,4.8,0.0254,31.7,0.000930789,135.248
1250,19.7,0.0508,39.6,0.036484,118.634
1600,0,0.1016,31.7,0.00150092,133.553
800,3.3,0.1016,39.6,0.00245138,129.991
2000,8.4,0.0508,55.5,0.00544854,133.042
400,5.3,0.2286,39.6,0.00614329,131.221
800,9.9,0.1524,55.5,0.0208438,126.565
1600,15.6,0.1016,71.3,0.0437259,121.528
1250,8.4,0.0508,31.7,0.00580776,130.156
6300,4,0.2286,55.5,0.0042862,117.154
400,0,0.3048,31.7,0.00331266,125.045
1250,8.4,0.0508,71.3,0.00529514,132.086
1250,6.7,0.1016,39.6,0.00578076,132.395
630,7.2,0.1524,71.3,0.00752039,134.853
2000,7.2,0.1524,71.3,0.00752039,128.643
1600,9.9,0.1524,39.6,0.0233328,118.545
1600,0,0.1016,55.5,0.00131983,132.05
315,5.4,0.1524,39.6,0.00485029,125.347
3150,0,0.2286,39.6,0.00253511,124.625
630,3,0.3048,39.6,0.00495741,129.292
2500,15.4,0.0508,71.3,0.0264269,127.625
1000,2.7,0.1524,71.3,0.00243851,128.774
1600,0,0.1524,55.5,0.00172668,130.183
4000,4,0.2286,31.7,0.00509068,118.859
3150,2,0.2286,39.6,0.00346574,121.627
200,15.4,0.0508,55.5,0.0271925,122.94
1000,4,0.2286,31.7,0.00509068,129.869
6300,0,0.3048,39.6,0.00310138,116.229
400,22.2,0.0254,39.6,0.0229028,123.416
10000,0,0.3048,39.6,0.00310138,112.139
1250,4,0.2286,71.3,0.00400603,131.718
400,0,0.2286,39.6,0.00253511,123.565
4000,0,0.1524,71.3,0.0015988,128.857
400,5.4,0.1524,31.7,0.00525474,127.781
16000,2.7,0.1524,71.3,0.00243851,110.364
500,17.4,0.0254,55.5,0.0165706,119.621
400,3,0.3048,71.3,0.00425727,127.564
5000,4.2,0.0508,71.3,0.00142788,132.828
500,15.4,0.0508,71.3,0.0264269,127.285
4000,22.2,0.0254,71.3,0.0214178,123.917
1600,0,0.2286,71.3,0.00214345,129.134
1000,0,0.3048,39.6,0.00310138,127.899
1250,0,0.1524,55.5,0.00172668,129.953
2000,11.2,0.0508,71.3,0.014072,133.311
2000,7.3,0.2286,39.6,0.0123481,117.809
500,22.2,0.0254,71.3,0.0214178,117.967
500,15.4,0.0508,31.7,0.0289853,123.695
1000,15.4,0.0508,71.3,0.0264269,131.865
1250,3.3,0.1016,71.3,0.00202822,132.304
2500,9.9,0.1524,31.7,0.0252785,114.729
500,0,0.1524,31.7,0.00209405,121.617
1000,4.2,0.0508,39.6,0.00152689,125.647
2500,5.4,0.1524,31.7,0.00525474,119.151
5000,1.5,0.3048,71.3,0.00336729,119.632
6300,0,0.2286,55.5,0.00229336,118.41
630,0,0.1016,39.6,0.00146332,125.401
1000,2,0.2286,71.3,0.00293031,128.956
6300,2,0.2286,71.3,0.00293031,120.786
4000,0,0.0508,55.5,0.00076193,134.946
800,12.6,0.1524,39.6,0.0584113,116.56
800,1.5,0.3048,71.3,0.00336729,127.122
315,3,0.3048,39.6,0.00495741,123.312
1250,0,0.2286,39.6,0.00253511,129.395
3150,17.4,0.0254,71.3,0.016104,126.536
3150,8.4,0.0508,39.6,0.00566229,123.965
1600,8.4,0.0508,39.6,0.00566229,130.965
2500,5.3,0.2286,39.6,0.00614329,116.151
3150,12.6,0.1524,39.6,0.0584113,106.26
1250,2,0.2286,55.5,0.00313525,128.762
250,12.3,0.1016,71.3,0.0337792,131.568
800,9.9,0.1524,71.3,0.0193001,128.879
6300,0,0.2286,39.6,0.00253511,117.465
2500,17.4,0.0254,39.6,0.0172206,124.154
2000,0,0.3048,71.3,0.00266337,127.461
800,9.5,0.0254,39.6,0.00449821,129.014
5000,8.9,0.1016,39.6,0.0124596,113.08
1250,0,0.1524,71.3,0.0015988,128.927
630,0,0.1524,55.5,0.00172668,123.583
4000,8.9,0.1016,71.3,0.0103088,120.243
2000,3,0.3048,55.5,0.00452492,123.069
1250,0,0.1524,31.7,0.00209405,131.467
400,7.3,0.2286,39.6,0.0123481,132.039
10000,0,0.0508,39.6,0.000791822,125.998
400,8.4,0.0508,31.7,0.00580776,120.076
1250,7.3,0.2286,31.7,0.0132672,120.509
2500,9.5,0.0254,39.6,0.00449821,131.234
1600,12.3,0.1016,39.6,0.0408268,117.875
3150,1.5,0.3048,39.6,0.00392107,119.111
1600,7.3,0.2286,55.5,0.0111706,123.354
4000,0,0.0254,71.3,0.000400682,138.557
500,8.4,0.0508,31.7,0.00580776,122.966
800,11.2,0.0508,71.3,0.014072,136.031
200,17.4,0.0254,31.7,0.0176631,116.146
2500,2.7,0.1524,39.6,0.00294804,125.589
2500,15.6,0.1016,71.3,0.0437259,118.998
6300,12.3,0.1016,55.5,0.0368233,110.124
6300,9.5,0.0254,31.7,0.00461377,120.726
3150,9.9,0.1524,71.3,0.0193001,116.849
1000,0,0.0508,55.5,0.00076193,125.586
1250,0,0.0508,55.5,0.00076193,127.076
1250,5.4,0.1524,55.5,0.00433288,130.777
630,5.4,0.1524,71.3,0.00401199,128.971
500,8.9,0.1016,39.6,0.0124596,133.79
3150,8.4,0.0508,31.7,0.00580776,122.086
2000,2,0.2286,31.7,0.00372371,123.037
1250,3,0.3048,31.7,0.00529514,124.838
315,0,0.2286,55.5,0.00229336,119.54
8000,1.5,0.3048,39.6,0.00392107,112.251
800,4,0.3048,71.3,0.00497773,131.755
8000,4.8,0.0254,31.7,0.000930789,127.008
315,9.9,0.1524,55.5,0.0208438,132.355
400,9.9,0.1524,55.5,0.0208438,131.605
630,8.4,0.0508,55.5,0.00544854,126.152
630,7.3,0.2286,55.5,0.0111706,130.934
400,4,0.3048,39.6,0.00579636,128.633
5000,7.3,0.2286,31.7,0.0132672,111.029
200,12.3,0.1016,55.5,0.0368233,132.304
1600,5.3,0.2286,39.6,0.00614329,123.081
400,6.7,0.1016,39.6,0.00578076,128.295
1600,0,0.2286,55.5,0.00229336,126.79
630,6.7,0.1016,55.5,0.0052139,133.023
400,7.2,0.1524,71.3,0.00752039,130.123
1600,22.2,0.0254,71.3,0.0214178,131.817
1600,0,0.3048,31.7,0.00331266,122.365
200,15.6,0.1016,39.6,0.0528487,123.514
5000,0,0.0254,71.3,0.000400682,136.837
3150,8.4,0.0508,71.3,0.00529514,131.966
500,0,0.1524,39.6,0.00193287,119.513
8000,17.4,0.0254,71.3,0.016104,115.466
2000,1.5,0.3048,71.3,0.00336729,126.642
400,15.6,0.1016,71.3,0.0437259,134.058
1600,4,0.2286,31.7,0.00509068,125.229
4000,19.7,0.0508,71.3,0.0341183,113.045
3150,5.4,0.1524,71.3,0.00401199,123.311
1000,5.4,0.1524,39.6,0.00485029,130.507
1000,0,0.0254,31.7,0.000439472,125.127
5000,0,0.3048,39.6,0.00310138,117.789
800,0,0.0508,31.7,0.000812164,122.79
1000,15.4,0.0508,39.6,0.0282593,127.893
1600,2.7,0.1524,39.6,0.00294804,130.049
8000,3,0.3048,39.6,0.00495741,110.652
4000,0,0.1524,55.5,0.00172668,127.233
500,22.2,0.0254,39.6,0.0229028,129.776
315,9.5,0.0254,31.7,0.00461377,122.766
3150,0,0.1016,55.5,0.00131983,131.78
400,9.5,0.0254,39.6,0.00449821,121.154
6300,9.9,0.1524,31.7,0.0252785,108.689
5000,9.9,0.1524,39.6,0.0233328,111.135
5000,12.7,0.0254,71.3,0.0121808,128.978
500,5.4,0.1524,55.5,0.00433288,129.367
4000,3.3,0.1016,71.3,0.00202822,128.704
250,9.9,0.1524,39.6,0.0233328,128.335
1000,0,0.1016,55.5,0.00131983,129.8
800,4,0.2286,55.5,0.0042862,131.864
1600,5.3,0.2286,71.3,0.0051942,130.46
400,5.4,0.1524,55.5,0.00433288,126.807
500,3,0.3048,71.3,0.00425727,128.454
6300,8.9,0.1016,39.6,0.0124596,113.11
2000,17.4,0.0254,39.6,0.0172206,126.644
3150,4.8,0.0254,31.7,0.000930789,134.268
1600,0,0.3048,39.6,0.00310138,124.049
4000,5.3,0.2286,71.3,0.0051942,120.33
315,15.4,0.0508,39.6,0.0282593,124.493
6300,2,0.2286,39.6,0.00346574,116.417
4000,2,0.2286,55.5,0.00313525,122.232
630,0,0.3048,31.7,0.00331266,129.095
2500,4,0.3048,39.6,0.00579636,120.233
3150,0,0.3048,39.6,0.00310138,120.319
6300,15.4,0.0508,39.6,0.0282593,109.663
3150,12.3,0.1016,31.7,0.0418756,110.307
250,4,0.2286,31.7,0.00509068,120.189
5000,5.4,0.1524,39.6,0.00485029,117.037
2000,7.2,0.1524,39.6,0.00909175,120.228
8000,0,0.0508,39.6,0.000791822,128.518
3150,2,0.2286,71.3,0.00293031,126.116
3150,12.3,0.1016,55.5,0.0368233,116.914
1600,15.6,0.1016,39.6,0.0528487,114.554
800,0,0.3048,31.7,0.00331266,129.235
1250,12.6,0.1524,39.6,0.0584113,112.16
630,4,0.2286,55.5,0.0042862,129.964
3150,0,0.2286,71.3,0.00214345,127.834
6300,1.5,0.3048,71.3,0.00336729,118.122
630,7.3,0.2286,39.6,0.0123481,128.929
500,11.2,0.0508,39.6,0.0150478,131.96
1250,4.8,0.0254,31.7,0.000930789,127.408
12500,4,0.3048,71.3,0.00497773,107.405
12500,0,0.1524,71.3,0.0015988,117.087
400,2,0.2286,31.7,0.00372371,123.417
400,17.4,0.0254,31.7,0.0176631,120.766
800,8.4,0.0508,71.3,0.00529514,127.556
315,4,0.3048,71.3,0.00497773,128.175
800,5.4,0.1524,55.5,0.00433288,133.097
5000,9.5,0.0254,71.3,0.00420654,131.186
315,15.4,0.0508,31.7,0.0289853,122.845
5000,12.7,0.0254,39.6,0.0130253,125.107
3150,0,0.1524,55.5,0.00172668,127.753
400,7.3,0.2286,55.5,0.0111706,135.924
315,11.2,0.0508,39.6,0.0150478,128.99
2500,2.7,0.1524,71.3,0.00243851,128.334
2500,0,0.2286,39.6,0.00253511,125.025
5000,9.9,0.1524,71.3,0.0193001,114.569
2500,2,0.2286,71.3,0.00293031,127.006
1600,2,0.2286,55.5,0.00313525,126.752
2000,0,0.0508,31.7,0.000812164,133.01
3150,7.3,0.2286,39.6,0.0123481,114.309
500,17.4,0.0254,31.7,0.0176631,127.676
200,11.2,0.0508,71.3,0.014072,125.941
3150,12.3,0.1016,71.3,0.0337792,120.798
10000,3,0.3048,55.5,0.00452492,112.169
3150,9.5,0.0254,55.5,0.0043284,133.252
1250,0,0.3048,31.7,0.00331266,124.355
2000,4,0.2286,71.3,0.00400603,126.218
500,0,0.1524,55.5,0.00172668,120.573
2500,17.4,0.0254,31.7,0.0176631,124.166
800,15.4,0.0508,55.5,0.0271925,130.43
250,19.7,0.0508,71.3,0.0341183,119.115
200,12.3,0.1016,31.7,0.0418756,124.987
800,2,0.2286,71.3,0.00293031,128.216
2000,15.4,0.0508,39.6,0.0282593,123.443
6300,0,0.1016,39.6,0.00146332,125.631
2500,15.4,0.0508,55.5,0.0271925,125.63
10000,4.8,0.0254,39.6,0.000907475,126.066
1250,17.4,0.0254,55.5,0.0165706,129.301
3150,9.5,0.0254,39.6,0.00449821,129.934
6300,0,0.1016,55.5,0.00131983,127.73
2500,22.2,0.0254,39.6,0.0229028,121.306
630,15.4,0.0508,39.6,0.0282593,127.443
6300,3,0.3048,31.7,0.00529514,109.718
315,7.3,0.2286,55.5,0.0111706,136.284
1600,5.4,0.1524,71.3,0.00401199,133.241
12500,0,0.1016,55.5,0.00131983,119.91
2500,9.9,0.1524,55.5,0.0208438,118.365
1000,6.7,0.1016,55.5,0.0052139,137.233
4000,8.4,0.0508,31.7,0.00580776,118.106
800,5.4,0.1524,39.6,0.00485029,132.757
4000,3,0.3048,71.3,0.00425727,120.264
1000,8.9,0.1016,39.6,0.0124596,129.58
16000,4.8,0.0254,55.5,0.000873218,124.394
5000,0,0.1016,71.3,0.00121072,130.795
1000,17.4,0.0254,31.7,0.0176631,131.796
16000,4,0.2286,71.3,0.00400603,112.768
4000,4,0.2286,71.3,0.00400603,121.728
800,5.3,0.2286,39.6,0.00614329,129.491
1600,0,0.1524,39.6,0.00193287,131.013
4000,15.4,0.0508,55.5,0.0271925,120.92
2000,22.2,0.0254,71.3,0.0214178,127.197
5000,9.9,0.1524,55.5,0.0208438,112.065
2000,5.4,0.1524,39.6,0.00485029,124.647
315,12.3,0.1016,39.6,0.0408268,129.415
1000,9.9,0.1524,71.3,0.0193001,126.349
1000,3,0.3048,39.6,0.00495741,128.312
500,4,0.3048,39.6,0.00579636,130.173
2500,3.3,0.1016,39.6,0.00245138,130.791
1250,4.8,0.0254,39.6,0.000907475,125.026
1250,6.7,0.1016,31.7,0.00592927,129.256
3150,4.2,0.0508,39.6,0.00152689,133.587
1000,8.4,0.0508,31.7,0.00580776,129.516
6300,0,0.2286,31.7,0.0027238,116.815
630,4.8,0.0254,39.6,0.000907475,118.696
2000,0,0.0508,39.6,0.000791822,132.918
6300,0,0.1016,71.3,0.00121072,129.395
8000,2.7,0.1524,71.3,0.00243851,120.534
6300,3.3,0.1016,71.3,0.00202822,124.904
2500,0,0.1524,39.6,0.00193287,126.863
3150,5.4,0.1524,55.5,0.00433288,121.587
1600,1.5,0.3048,71.3,0.00336729,126.632
250,15.6,0.1016,39.6,0.0528487,124.644
8000,0,0.1016,71.3,0.00121072,125.465
800,11.2,0.0508,39.6,0.0150478,133.79
2000,5.3,0.2286,71.3,0.0051942,125.89
800,19.7,0.0508,71.3,0.0341183,124.555
1600,2,0.2286,39.6,0.00346574,125.837
800,9.5,0.0254,31.7,0.00461377,130.746
250,12.7,0.0254,71.3,0.0121808,119.698
6300,15.4,0.0508,31.7,0.0289853,108.185
630,4,0.2286,31.7,0.00509068,130.349
630,12.6,0.1524,39.6,0.0584113,116.55
10000,12.7,0.0254,71.3,0.0121808,114.418
1600,12.3,0.1016,31.7,0.0418756,114.477
315,8.9,0.1016,39.6,0.0124596,135.38
1600,3.3,0.1016,39.6,0.00245138,133.071
1600,12.7,0.0254,71.3,0.0121808,134.528
6300,0,0.1524,39.6,0.00193287,121.313
12500,0,0.3048,55.5,0.00283081,111.076
250,17.4,0.0254,55.5,0.0165706,110.491
16000,0,0.0254,55.5,0.00041229,125.683
10000,0,0.0508,71.3,0.000740478,128.74
800,6.7,0.1016,71.3,0.00478288,134.478
800,0,0.1524,31.7,0.00209405,129.117
2500,0,0.3048,55.5,0.00283081,124.106
1250,12.7,0.0254,39.6,0.0130253,130.777
500,2.7,0.1524,39.6,0.00294804,121.009
500,12.6,0.1524,39.6,0.0584113,114.9
2000,9.5,0.0254,71.3,0.00420654,134.976
3150,3.3,0.1016,71.3,0.00202822,132.114
3150,15.4,0.0508,55.5,0.0271925,123.46
800,3.3,0.1016,55.5,0.002211,129.119
250,15.4,0.0508,39.6,0.0282593,122.893
12500,0,0.3048,39.6,0.00310138,109.619
800,0,0.0508,55.5,0.00076193,124.336
250,19.7,0.0508,39.6,0.036484,127.224
1250,9.5,0.0254,55.5,0.0043284,132.202
2000,0,0.2286,71.3,0.00214345,128.244
315,7.3,0.2286,71.3,0.0104404,139.808
10000,1.5,0.3048,39.6,0.00392107,108.991
2500,3.3,0.1016,71.3,0.00202822,133.894
1250,0,0.3048,71.3,0.00266337,125.951
2500,3.3,0.1016,55.5,0.002211,132.889
1600,0,0.0508,55.5,0.00076193,128.576
6300,4,0.3048,71.3,0.00497773,116.165
4000,4.8,0.0254,55.5,0.000873218,133.924
3150,4,0.2286,55.5,0.0042862,122.394
400,5.4,0.1524,71.3,0.00401199,124.121
5000,7.2,0.1524,71.3,0.00752039,118.343
200,9.5,0.0254,39.6,0.00449821,116.074
500,6.7,0.1016,39.6,0.00578076,130.955
6300,8.9,0.1016,71.3,0.0103088,117.253
800,7.2,0.1524,39.6,0.00909175,132.358
315,17.4,0.0254,71.3,0.016104,115.846
200,9.5,0.0254,31.7,0.00461377,119.146
315,7.2,0.1524,39.6,0.00909175,130.558
630,8.9,0.1016,71.3,0.0103088,138.423
5000,0,0.3048,31.7,0.00331266,115.645
4000,17.4,0.0254,55.5,0.0165706,121.771
500,9.9,0.1524,31.7,0.0252785,127.179
250,12.3,0.1016,55.5,0.0368233,133.294
800,0,0.1524,39.6,0.00193287,127.903
1600,0,0.2286,31.7,0.0027238,125.625
800,12.3,0.1016,31.7,0.0418756,120.037
5000,4,0.2286,71.3,0.00400603,121.118
6300,0,0.0254,55.5,0.00041229,136.103
3150,3,0.3048,71.3,0.00425727,121.514
250,0,0.3048,39.6,0.00310138,119.319
630,9.5,0.0254,31.7,0.00461377,129.006
800,17.4,0.0254,31.7,0.0176631,139.226
1600,7.3,0.2286,71.3,0.0104404,125.728
4000,9.9,0.1524,31.7,0.0252785,111.459
800,15.6,0.1016,71.3,0.0437259,124.188
1250,9.9,0.1524,39.6,0.0233328,120.555
1250,6.7,0.1016,71.3,0.00478288,137.658
400,0,0.2286,55.5,0.00229336,121.66
3150,0,0.1524,31.7,0.00209405,124.207
1600,4,0.2286,71.3,0.00400603,129.468
4000,1.5,0.3048,71.3,0.00336729,121.762
3150,0,0.2286,55.5,0.00229336,125.16
5000,0,0.1524,39.6,0.00193287,123.453
1600,6.7,0.1016,55.5,0.0052139,133.653
1000,22.2,0.0254,71.3,0.0214178,134.247
3150,15.4,0.0508,71.3,0.0264269,125.715
16000,0,0.0254,39.6,0.000428464,124.986
5000,5.3,0.2286,71.3,0.0051942,118.05
3150,17.4,0.0254,55.5,0.0165706,124.101
400,2,0.2286,55.5,0.00313525,122.292
1600,8.9,0.1016,39.6,0.0124596,123.82
8000,0,0.3048,55.5,0.00283081,116.476
10000,0,0.3048,55.5,0.00283081,113.076
2500,4,0.2286,31.7,0.00509068,120.209
400,7.3,0.2286,31.7,0.0132672,130.269
315,7.2,0.1524,71.3,0.00752039,128.713
6300,7.3,0.2286,31.7,0.0132672,110.689
5000,0,0.2286,31.7,0.0027238,120.505
2000,0,0.0508,71.3,0.000740478,131.06
4000,2,0.2286,39.6,0.00346574,120.227
500,4,0.3048,71.3,0.00497773,130.715
2500,9.9,0.1524,39.6,0.0233328,116.295
2500,9.5,0.0254,71.3,0.00420654,135.956
2500,0,0.0254,71.3,0.000400682,133.707
5000,12.3,0.1016,71.3,0.0337792,116.108
5000,4.8,0.0254,71.3,0.000848633,135.468
3150,19.7,0.0508,39.6,0.036484,113.004
2500,11.2,0.0508,71.3,0.014072,130.541
500,5.4,0.1524,39.6,0.00485029,129.937
315,12.7,0.0254,71.3,0.0121808,122.938
3150,0,0.0508,39.6,0.000791822,135.938
3150,7.3,0.2286,31.7,0.0132672,113.229
2000,9.5,0.0254,31.7,0.00461377,130.496
3150,0,0.0254,71.3,0.000400682,137.007
200,7.3,0.2286,39.6,0.0123481,130.989
800,4,0.3048,39.6,0.00579636,130.723
2000,4,0.2286,31.7,0.00509068,122.089
12500,2.7,0.1524,71.3,0.00243851,113.034
1250,0,0.0508,31.7,0.000812164,129.27
1250,3,0.3048,71.3,0.00425727,127.634
1000,2,0.2286,39.6,0.00346574,129.147
4000,0,0.0508,71.3,0.000740478,134.43
3150,0,0.0254,31.7,0.000439472,135.227
8000,0,0.2286,71.3,0.00214345,118.024
6300,15.6,0.1016,39.6,0.0528487,104.204
250,17.4,0.0254,31.7,0.0176631,116.956
1250,6.7,0.1016,55.5,0.0052139,136.883
1000,12.6,0.1524,71.3,0.0483159,122.044
200,8.9,0.1016,39.6,0.0124596,133.42
2000,5.4,0.1524,55.5,0.00433288,128.707
630,9.9,0.1524,55.5,0.0208438,127.315
6300,2.7,0.1524,71.3,0.00243851,121.944
400,12.3,0.1016,39.6,0.0408268,128.265
2500,0,0.0254,55.5,0.00041229,130.073
1600,6.7,0.1016,39.6,0.00578076,127.375
1250,2,0.2286,71.3,0.00293031,128.816
4000,17.4,0.0254,71.3,0.016104,125.586
1250,0,0.0508,39.6,0.000791822,129.148
12500,0,0.0508,39.6,0.000791822,123.988
400,8.9,0.1016,71.3,0.0103088,138.123
1600,0,0.1524,71.3,0.0015988,129.667
3150,8.9,0.1016,71.3,0.0103088,123.263
800,3.3,0.1016,71.3,0.00202822,131.074
1250,15.4,0.0508,55.5,0.0271925,130
1250,15.4,0.0508,31.7,0.0289853,123.255
1600,12.7,0.0254,39.6,0.0130253,129.977
630,12.7,0.0254,39.6,0.0130253,128.867
1250,12.7,0.0254,71.3,0.0121808,133.048
4000,3,0.3048,39.6,0.00495741,116.792
12500,4.8,0.0254,55.5,0.000873218,125.094
200,0,0.3048,31.7,0.00331266,117.195
630,9.9,0.1524,31.7,0.0252785,126.049
1250,5.3,0.2286,71.3,0.0051942,133.38
5000,4,0.2286,31.7,0.00509068,115.969
2000,5.4,0.1524,31.7,0.00525474,122.771
3150,2,0.2286,31.7,0.00372371,121.527
3150,4.2,0.0508,71.3,0.00142788,133.728
800,0,0.1016,31.7,0.00150092,129.053
500,12.3,0.1016,31.7,0.0418756,118.667
315,19.7,0.0508,39.6,0.036484,129.864
8000,4.8,0.0254,55.5,0.000873218,132.184
6300,12.7,0.0254,39.6,0.0130253,123.177
4000,4.8,0.0254,31.7,0.000930789,135.328
500,9.5,0.0254,55.5,0.0043284,123.082
1250,0,0.1016,39.6,0.00146332,132.271
2000,4.2,0.0508,39.6,0.00152689,132.587
1600,4,0.2286,55.5,0.0042862,128.264
12500,0,0.0508,31.7,0.000812164,119.07
630,9.5,0.0254,71.3,0.00420654,125.726
500,12.3,0.1016,39.6,0.0408268,122.205
200,17.4,0.0254,71.3,0.016104,112.506
1250,8.4,0.0508,55.5,0.00544854,132.252
250,7.2,0.1524,39.6,0.00909175,127.488
1000,9.5,0.0254,55.5,0.0043284,130.332
8000,5.4,0.1524,55.5,0.00433288,114.927
3150,6.7,0.1016,71.3,0.00478288,124.458
800,5.3,0.2286,71.3,0.0051942,133.48
2000,2,0.2286,71.3,0.00293031,126.896
2500,3,0.3048,31.7,0.00529514,119.598
2000,0,0.1016,71.3,0.00121072,132.095
3150,15.6,0.1016,71.3,0.0437259,116.468
250,12.6,0.1524,71.3,0.0483159,129.744
2000,3.3,0.1016,71.3,0.00202822,134.034
2000,12.7,0.0254,71.3,0.0121808,134.228
1600,0,0.0508,71.3,0.000740478,129.68
6300,4,0.2286,39.6,0.00473801,114.249
6300,5.4,0.1524,71.3,0.00401199,116.411
400,7.3,0.2286,71.3,0.0104404,139.438
1600,19.7,0.0508,71.3,0.0341183,120.575
6300,9.5,0.0254,55.5,0.0043284,124.222
315,22.2,0.0254,71.3,0.0214178,115.857
1000,8.4,0.0508,55.5,0.00544854,130.722
12500,0,0.2286,71.3,0.00214345,117.624
800,22.2,0.0254,71.3,0.0214178,123.227
250,7.3,0.2286,39.6,0.0123481,131.889
