200,12.3,0.1016,39.6,0.0408268,128.545
12500,1.5,0.3048,71.3,0.00336729,109.222
4000,0,0.0508,31.7,0.000812164,134.11
2000,15.6,0.1016,71.3,0.0437259,119.888
5000,0,0.1016,39.6,0.00146332,126.021
4000,15.4,0.0508,31.7,0.0289853,115.635
400,9.9,0.1524,71.3,0.0193001,135.079
16000,0,0.3048,71.3,0.00266337,108.721
800,9.5,0.0254,71.3,0.00420654,127.206
2000,0,0.1524,71.3,0.0015988,128.647
4000,15.6,0.1016,39.6,0.0528487,106.604
400,9.9,0.1524,39.6,0.0233328,128.345
1000,0,0.2286,39.6,0.00253511,130.435
400,15.4,0.0508,55.5,0.0271925,126.5
5000,4,0.3048,71.3,0.00497773,117.785
2000,7.3,0.2286,71.3,0.0104404,122.708
2000,17.4,0.0254,71.3,0.016104,126.826
630,17.4,0.0254,39.6,0.0172206,124.514
500,11.2,0.0508,71.3,0.014072,130.311
1000,12.3,0.1016,39.6,0.0408268,122.435
200,12.6,0.1524,39.6,0.0584113,114.75
400,12.7,0.0254,39.6,0.0130253,125.527
2000,0,0.3048,31.7,0.00331266,122.375
2500,0,0.2286,31.7,0.0027238,123.445
1600,12.3,0.1016,71.3,0.0337792,124.748
10000,0,0.0254,55.5,0.00041229,134.563
630,15.4,0.0508,55.5,0.0271925,129.33
1250,5.3,0.2286,39.6,0.00614329,125.721
1600,4.2,0.0508,39.6,0.00152689,130.197
800,7.3,0.2286,39.6,0.0123481,126.299
1000,15.6,0.1016,71.3,0.0437259,124.438
250,12.7,0.0254,39.6,0.0130253,121.547
1600,8.4,0.0508,31.7,0.00580776,129.296
2000,3,0.3048,71.3,0.00425727,125.524
800,6.7,0.1016,39.6,0.00578076,134.625
6300,4.8,0.0254,71.3,0.000848633,134.498
630,0,0.1016,71.3,0.00121072,124.155
1000,0,0.1524,31.7,0.00209405,130.987
1000,2,0.2286,31.7,0.00372371,130.307
5000,2.7,0.1524,71.3,0.00243851,124.364
3150,1.5,0.3048,71.3,0.00336729,123.392
8000,0,0.0254,55.5,0.00041229,136.163
1000,3.3,0.1016,39.6,0.00245138,131.971
2000,2,0.2286,55.5,0.00313525,124.612
1600,0,0.0508,31.7,0.000812164,131.01
630,0,0.3048,55.5,0.00283081,127.696
2500,0,0.1016,31.7,0.00150092,132.003
2000,3.3,0.1016,55.5,0.002211,133.649
1600,17.4,0.0254,31.7,0.0176631,126.846
4000,4,0.2286,39.6,0.00473801,119.159
5000,2,0.2286,31.7,0.00372371,118.267
2500,0,0.1016,71.3,0.00121072,132.595
4000,8.9,0.1016,39.6,0.0124596,116.22
2000,22.2,0.0254,39.6,0.0229028,121.256
5000,4,0.2286,39.6,0.00473801,117.649
4000,15.4,0.0508,71.3,0.0264269,122.675
3150,5.3,0.2286,39.6,0.00614329,118.441
1000,0,0.0508,71.3,0.000740478,129.45
3150,4,0.2286,71.3,0.00400603,124.108
12500,4,0.2286,71.3,0.00400603,114.258
1000,2,0.2286,55.5,0.00313525,129.002
2500,8.9,0.1016,39.6,0.0124596,119.19
4000,0,0.0254,31.7,0.000439472,137.047
400,15.4,0.0508,71.3,0.0264269,126.805
6300,3.3,0.1016,31.7,0.00251435,120.702
2500,4.2,0.0508,39.6,0.00152689,133.847
1250,5.4,0.1524,71.3,0.00401199,134.111
500,7.3,0.2286,39.6,0.0123481,130.299
500,7.2,0.1524,39.6,0.00909175,132.658
2500,0,0.0254,39.6,0.000428464,131.836
3150,15.4,0.0508,31.7,0.0289853,118.045
800,7.2,0.1524,71.3,0.00752039,136.023
500,12.3,0.1016,55.5,0.0368233,133.774
3150,15.6,0.1016,39.6,0.0528487,109.254
6300,3,0.3048,71.3,0.00425727,116.134
3150,8.4,0.0508,55.5,0.00544854,128.402
1250,17.4,0.0254,31.7,0.0176631,128.306
4000,3,0.3048,55.5,0.00452492,118.689
2500,0,0.1016,39.6,0.00146332,132.611
315,15.4,0.0508,55.5,0.0271925,125.39
2000,3,0.3048,31.7,0.00529514,120.088
1250,17.4,0.0254,71.3,0.016104,126.356
500,3,0.3048,31.7,0.00529514,127.548
2500,0,0.2286,55.5,0.00229336,126.54
400,0,0.3048,39.6,0.00310138,124.809
1000,0,0.1016,71.3,0.00121072,128.825
2000,9.9,0.1524,55.5,0.0208438,119.505
4000,3.3,0.1016,31.7,0.00251435,124.852
4000,19.7,0.0508,39.6,0.036484,108.684
2500,4,0.2286,71.3,0.00400603,124.338
2000,0,0.1016,31.7,0.00150092,133.153
800,0,0.1016,39.6,0.00146332,128.401
4000,12.3,0.1016,55.5,0.0368233,114.404
1250,8.4,0.0508,39.6,0.00566229,131.205
2000,7.3,0.2286,31.7,0.0132672,115.309
10000,7.2,0.1524,39.6,0.00909175,110.868
630,9.9,0.1524,71.3,0.0193001,129.889
2500,2,0.2286,31.7,0.00372371,121.407
6300,0,0.0254,39.6,0.000428464,136.826
5000,4.2,0.0508,39.6,0.00152689,129.777
250,9.9,0.1524,71.3,0.0193001,135.329
400,7.2,0.1524,39.6,0.00909175,132.118
800,9.9,0.1524,39.6,0.0233328,126.345
400,15.4,0.0508,31.7,0.0289853,123.705
5000,17.4,0.0254,39.6,0.0172206,119.854
3150,3.3,0.1016,55.5,0.002211,130.629
5000,8.9,0.1016,71.3,0.0103088,116.723
630,2,0.2286,31.7,0.00372371,129.057
500,5.4,0.1524,71.3,0.00401199,126.291
4000,8.4,0.0508,71.3,0.00529514,126.926
630,4,0.2286,71.3,0.00400603,129.038
6300,9.5,0.0254,71.3,0.00420654,127.246
2000,8.4,0.0508,31.7,0.00580776,127.686
1600,0,0.1016,39.6,0.00146332,133.261
1000,17.4,0.0254,39.6,0.0172206,138.274
8000,0,0.1016,31.7,0.00150092,120.193
630,3.3,0.1016,31.7,0.00251435,128.952
1250,7.2,0.1524,71.3,0.00752039,132.513
8000,2,0.2286,71.3,0.00293031,115.996
630,0,0.1524,39.6,0.00193287,124.403
3150,7.2,0.1524,39.6,0.00909175,111.818
1250,9.9,0.1524,71.3,0.0193001,122.679
10000,4,0.3048,71.3,0.00497773,110.905
6300,5.3,0.2286,71.3,0.0051942,116.92
5000,8.4,0.0508,71.3,0.00529514,121.146
630,1.5,0.3048,39.6,0.00392107,128.311
2500,4.8,0.0254,71.3,0.000848633,130.828
4000,12.3,0.1016,31.7,0.0418756,108.407
3150,9.5,0.0254,31.7,0.00461377,128.536
6300,9.5,0.0254,39.6,0.00449821,120.324
4000,0,0.0508,39.6,0.000791822,135.308
1600,9.5,0.0254,55.5,0.0043284,133.062
3150,4.8,0.0254,55.5,0.000873218,132.354
800,0,0.0508,71.3,0.000740478,130.96
4000,4,0.2286,55.5,0.0042862,120.654
2000,6.7,0.1016,55.5,0.0052139,129.653
1600,17.4,0.0254,39.6,0.0172206,127.614
8000,0,0.0254,39.6,0.000428464,135.866
1250,9.5,0.0254,39.6,0.00449821,130.964
1600,19.7,0.0508,39.6,0.036484,117.604
1250,22.2,0.0254,71.3,0.0214178,140.987
1000,0,0.1016,39.6,0.00146332,130.781
400,12.3,0.1016,71.3,0.0337792,139.428
3150,0,0.1016,31.7,0.00150092,129.973
1600,4,0.3048,71.3,0.00497773,126.645
500,9.9,0.1524,55.5,0.0208438,127.815
1250,0,0.1016,71.3,0.00121072,130.335
1250,0,0.0254,31.7,0.000439472,127.947
10000,0,0.0254,71.3,0.000400682,130.787
630,12.7,0.0254,71.3,0.0121808,128.878
800,5.4,0.1524,71.3,0.00401199,131.281
1600,11.2,0.0508,39.6,0.0150478,126.54
3150,3,0.3048,39.6,0.00495741,118.922
1000,0,0.1524,39.6,0.00193287,130.033
2000,4,0.3048,71.3,0.00497773,124.395
630,7.3,0.2286,31.7,0.0132672,126.189
1250,19.7,0.0508,71.3,0.0341183,121.485
8000,0,0.0508,55.5,0.00076193,130.156
3150,15.4,0.0508,39.6,0.0282593,120.513
800,12.6,0.1524,71.3,0.0483159,123.054
2500,9.5,0.0254,55.5,0.0043284,134.152
2000,7.3,0.2286,55.5,0.0111706,120.354
5000,3.3,0.1016,31.7,0.00251435,122.082
2500,0,0.0254,31.7,0.000439472,132.897
8000,0,0.3048,31.7,0.00331266,110.515
500,7.3,0.2286,31.7,0.0132672,128.169
3150,2,0.2286,55.5,0.00313525,123.742
630,0,0.1016,55.5,0.00131983,126.17
1000,4.8,0.0254,39.6,0.000907475,122.956
3150,4,0.3048,39.6,0.00579636,118.743
1000,22.2,0.0254,39.6,0.0229028,128.416
3150,0,0.0508,31.7,0.000812164,135.49
1250,3,0.3048,55.5,0.00452492,127.329
1600,4,0.2286,39.6,0.00473801,125.319
1000,3.3,0.1016,31.7,0.00251435,133.012
2000,4,0.2286,39.6,0.00473801,121.659
4000,5.3,0.2286,39.6,0.00614329,115.801
1600,4,0.3048,39.6,0.00579636,123.213
1250,15.4,0.0508,71.3,0.0264269,130.845
5000,7.2,0.1524,39.6,0.00909175,113.288
1250,4,0.3048,39.6,0.00579636,126.343
1000,4,0.3048,39.6,0.00579636,128.723
8000,0,0.0508,71.3,0.000740478,130.89
16000,0,0.1524,55.5,0.00172668,112.803
1600,6.7,0.1016,71.3,0.00478288,136.678
8000,3.3,0.1016,39.6,0.00245138,118.091
630,5.3,0.2286,39.6,0.00614329,132.011
500,15.6,0.1016,39.6,0.0528487,115.304
6300,2.7,0.1524,39.6,0.00294804,119.209
630,22.2,0.0254,39.6,0.0229028,137.026
500,0,0.3048,39.6,0.00310138,126.959
6300,17.4,0.0254,71.3,0.016104,119.916
500,17.4,0.0254,39.6,0.0172206,117.514
12500,4.2,0.0508,71.3,0.00142788,117.328
4000,12.3,0.1016,39.6,0.0408268,110.905
800,15.6,0.1016,39.6,0.0528487,118.964
315,17.4,0.0254,55.5,0.0165706,111.911
1000,12.7,0.0254,39.6,0.0130253,130.947
630,7.3,0.2286,71.3,0.0104404,133.768
1600,15.4,0.0508,31.7,0.0289853,121.485
800,12.3,0.1016,71.3,0.0337792,127.318
2000,5.4,0.1524,71.3,0.00401199,131.111
2500,19.7,0.0508,39.6,0.036484,116.184
1000,15.4,0.0508,31.7,0.0289853,124.525
8000,4.8,0.0254,39.6,0.000907475,131.346
1000,6.7,0.1016,71.3,0.00478288,136.758
500,4,0.2286,55.5,0.0042862,127.314
2000,4,0.3048,39.6,0.00579636,120.963
250,17.4,0.0254,71.3,0.016104,113.796
2500,7.3,0.2286,31.7,0.0132672,114.709
500,12.3,0.1016,71.3,0.0337792,140.158
315,9.9,0.1524,39.6,0.0233328,128.595
8000,2.7,0.1524,39.6,0.00294804,116.659
16000,0,0.2286,71.3,0.00214345,114.984
800,0,0.3048,55.5,0.00283081,128.086
4000,8.4,0.0508,39.6,0.00566229,118.955
4000,9.5,0.0254,31.7,0.00461377,126.736
1000,9.5,0.0254,39.6,0.00449821,130.374
630,8.9,0.1016,39.6,0.0124596,131.92
1000,12.3,0.1016,31.7,0.0418756,119.777
10000,0,0.1016,39.6,0.00146332,119.561
12500,0,0.0254,71.3,0.000400682,133.207
2000,8.9,0.1016,71.3,0.0103088,124.233
630,4,0.3048,39.6,0.00579636,131.073
1000,9.5,0.0254,71.3,0.00420654,129.556
6300,1.5,0.3048,39.6,0.00392107,114.751
630,0,0.1016,31.7,0.00150092,126.413
315,1.5,0.3048,39.6,0.00392107,121.851
6300,3,0.3048,55.5,0.00452492,115.679
800,5.4,0.1524,31.7,0.00525474,131.491
20000,4.8,0.0254,71.3,0.000848633,119.708
2000,4.8,0.0254,71.3,0.000848633,128.398
3150,9.5,0.0254,71.3,0.00420654,136.166
8000,3,0.3048,71.3,0.00425727,114.634
315,12.6,0.1524,71.3,0.0483159,128.484
4000,12.3,0.1016,71.3,0.0337792,118.018
1250,12.3,0.1016,31.7,0.0418756,118.767
6300,3.3,0.1016,55.5,0.002211,123.839
250,8.9,0.1016,39.6,0.0124596,134.34
1250,0,0.2286,55.5,0.00229336,127.91
4000,7.3,0.2286,71.3,0.0104404,119.208
8000,4,0.3048,71.3,0.00497773,113.665
2500,1.5,0.3048,71.3,0.00336729,124.512
1250,3.3,0.1016,55.5,0.002211,132.769
2000,0,0.1016,55.5,0.00131983,132.54
400,15.4,0.0508,39.6,0.0282593,125.353
3150,22.2,0.0254,39.6,0.0229028,120.856
200,15.4,0.0508,31.7,0.0289853,119.975
4000,2.7,0.1524,39.6,0.00294804,121.889
400,4,0.2286,55.5,0.0042862,123.274
400,5.4,0.1524,39.6,0.00485029,127.637
3150,11.2,0.0508,39.6,0.0150478,119.67
8000,15.4,0.0508,71.3,0.0264269,112.675
2000,0,0.0254,31.7,0.000439472,130.697
16000,0,0.0254,71.3,0.000400682,130.477
2500,2,0.2286,55.5,0.00313525,123.862
2500,12.3,0.1016,39.6,0.0408268,113.315
630,0,0.3048,39.6,0.00310138,128.629
630,4.8,0.0254,31.7,0.000930789,120.078
6300,0,0.0254,31.7,0.000439472,138.537
6300,5.4,0.1524,39.6,0.00485029,116.677
2000,1.5,0.3048,39.6,0.00392107,122.101
6300,0,0.0508,71.3,0.000740478,133.04
1600,9.9,0.1524,55.5,0.0208438,119.875
1000,11.2,0.0508,39.6,0.0150478,132.43
5000,7.3,0.2286,39.6,0.0123481,111.959
800,0,0.2286,39.6,0.00253511,130.205
800,0,0.3048,39.6,0.00310138,129.099
3150,19.7,0.0508,71.3,0.0341183,116.225
2500,0,0.1016,55.5,0.00131983,133.04
1000,5.4,0.1524,55.5,0.00433288,132.127
5000,15.4,0.0508,55.5,0.0271925,117.11
1000,5.4,0.1524,71.3,0.00401199,133.201
2500,1.5,0.3048,39.6,0.00392107,120.981
2500,8.4,0.0508,31.7,0.00580776,125.576
4000,9.5,0.0254,55.5,0.0043284,131.582
1250,4,0.2286,31.7,0.00509068,128.119
2500,8.4,0.0508,39.6,0.00566229,127.465
2000,3.3,0.1016,39.6,0.00245138,132.301
1000,0,0.1524,71.3,0.0015988,127.307
4000,0,0.2286,31.7,0.0027238,122.035
2500,12.7,0.0254,39.6,0.0130253,129.027
2500,15.6,0.1016,39.6,0.0528487,110.264
2000,9.5,0.0254,55.5,0.0043284,134.052
315,0,0.3048,31.7,0.00331266,122.765
4000,9.5,0.0254,71.3,0.00420654,134.236
800,6.7,0.1016,31.7,0.00592927,132.886
10000,0,0.2286,71.3,0.00214345,118.134
10000,3.3,0.1016,39.6,0.00245138,115.321
1250,0,0.1016,31.7,0.00150092,133.063
4000,9.9,0.1524,55.5,0.0208438,112.945
4000,0,0.2286,39.6,0.00253511,123.465
1000,0,0.1016,31.7,0.00150092,131.313
4000,12.6,0.1524,71.3,0.0483159,108.034
10000,4,0.2286,71.3,0.00400603,113.108
8000,7.2,0.1524,71.3,0.00752039,113.333
1600,3,0.3048,31.7,0.00529514,122.088
1000,7.2,0.1524,39.6,0.00909175,128.338
315,4,0.2286,39.6,0.00473801,122.229
1000,5.3,0.2286,71.3,0.0051942,134
630,3,0.3048,31.7,0.00529514,128.698
1600,3.3,0.1016,71.3,0.00202822,133.664
3150,2.7,0.1524,39.6,0.00294804,122.919
2000,0,0.1016,39.6,0.00146332,133.251
5000,0,0.1524,71.3,0.0015988,126.457
8000,4.2,0.0508,71.3,0.00142788,125.268
12500,0,0.0254,39.6,0.000428464,129.116
1250,11.2,0.0508,39.6,0.0150478,130.05
200,22.2,0.0254,39.6,0.0229028,116.066
3150,22.2,0.0254,71.3,0.0214178,124.127
500,4,0.2286,31.7,0.00509068,128.939
4000,3.3,0.1016,39.6,0.00245138,124.881
800,17.4,0.0254,39.6,0.0172206,135.324
1250,8.9,0.1016,39.6,0.0124596,127.71
2000,15.4,0.0508,55.5,0.0271925,127.04
630,0,0.2286,55.5,0.00229336,126.16
630,2,0.2286,71.3,0.00293031,127.356
400,12.3,0.1016,31.7,0.0418756,123.207
400,15.6,0.1016,39.6,0.0528487,120.484
2000,12.6,0.1524,39.6,0.0584113,109.52
630,12.3,0.1016,39.6,0.0408268,121.315
2000,0,0.1524,39.6,0.00193287,129.633
6300,0,0.1524,71.3,0.0015988,125.427
1250,15.4,0.0508,39.6,0.0282593,126.743
2000,6.7,0.1016,39.6,0.00578076,122.235
10000,0,0.0508,55.5,0.00076193,127.636
4000,15.6,0.1016,71.3,0.0437259,113.298
800,22.2,0.0254,39.6,0.0229028,137.076
315,12.7,0.0254,39.6,0.0130253,123.537
1000,0,0.2286,31.7,0.0027238,130.595
3150,0,0.1524,71.3,0.0015988,129.377
315,7.3,0.2286,31.7,0.0132672,130.239
1600,6.7,0.1016,31.7,0.00592927,124.346
800,0,0.1524,55.5,0.00172668,126.713
20000,0,0.2286,71.3,0.00214345,114.474
500,3,0.3048,39.6,0.00495741,127.632
2500,3,0.3048,71.3,0.00425727,124.024
2000,8.4,0.0508,71.3,0.00529514,134.476
500,7.2,0.1524,71.3,0.00752039,132.043
400,19.7,0.0508,71.3,0.0341183,123.865
2500,6.7,0.1016,71.3,0.00478288,131.458
800,3,0.3048,39.6,0.00495741,129.552
500,9.5,0.0254,31.7,0.00461377,126.886
3150,5.3,0.2286,71.3,0.0051942,123.12
2000,19.7,0.0508,71.3,0.0341183,120.055
315,2,0.2286,31.7,0.00372371,120.147
400,12.6,0.1524,71.3,0.0483159,127.094
500,4.8,0.0254,39.6,0.000907475,116.366
1000,1.5,0.3048,71.3,0.00336729,125.992
3150,0,0.0508,71.3,0.000740478,135.07
1000,3.3,0.1016,71.3,0.00202822,131.434
10000,3.3,0.1016,55.5,0.002211,115.659
630,15.6,0.1016,39.6,0.0528487,118.084
2000,0,0.3048,55.5,0.00283081,126.616
630,4,0.2286,39.6,0.00473801,129.579
800,15.4,0.0508,31.7,0.0289853,125.555
2500,12.6,0.1524,71.3,0.0483159,115.234
2000,2,0.2286,39.6,0.00346574,122.797
800,8.4,0.0508,39.6,0.00566229,128.435
4000,0,0.1016,31.7,0.00150092,126.933
630,19.7,0.0508,71.3,0.0341183,128.365
800,0,0.1016,71.3,0.00121072,126.805
1000,19.7,0.0508,39.6,0.036484,118.904
4000,5.4,0.1524,39.6,0.00485029,117.137
4000,15.4,0.0508,39.6,0.0282593,118.113
315,9.5,0.0254,39.6,0.00449821,119.294
5000,3.3,0.1016,39.6,0.00245138,122.371
2500,15.4,0.0508,31.7,0.0289853,119.945
1000,0,0.3048,71.3,0.00266337,125.201
5000,0,0.2286,39.6,0.00253511,122.175
1600,5.4,0.1524,31.7,0.00525474,123.761
500,12.7,0.0254,39.6,0.0130253,127.127
1600,9.5,0.0254,71.3,0.00420654,133.756
630,12.3,0.1016,31.7,0.0418756,119.287
3150,8.9,0.1016,39.6,0.0124596,119.35
12500,0,0.1524,55.5,0.00172668,117.093
4000,0,0.2286,55.5,0.00229336,123.41
1000,6.7,0.1016,31.7,0.00592927,131.636
2500,12.3,0.1016,55.5,0.0368233,117.054
630,6.7,0.1016,71.3,0.00478288,131.448
2000,19.7,0.0508,39.6,0.036484,117.724
2500,4,0.2286,39.6,0.00473801,119.649
1000,3.3,0.1016,55.5,0.002211,131.129
5000,4.8,0.0254,39.6,0.000907475,135.426
6300,7.2,0.1524,39.6,0.00909175,112.688
2500,12.6,0.1524,39.6,0.0584113,106.88
5000,7.3,0.2286,71.3,0.0104404,115.298
8000,0,0.1524,31.7,0.00209405,117.957
5000,0,0.1524,55.5,0.00172668,125.203
500,7.3,0.2286,71.3,0.0104404,136.798
1600,9.5,0.0254,39.6,0.00449821,131.184
5000,0,0.2286,71.3,0.00214345,124.304
630,11.2,0.0508,71.3,0.014072,133.611
1250,9.9,0.1524,31.7,0.0252785,118.619
10000,0,0.0254,39.6,0.000428464,133.376
250,0,0.3048,31.7,0.00331266,118.595
800,2,0.2286,39.6,0.00346574,129.037
6300,0,0.1524,55.5,0.00172668,123.303
1600,1.5,0.3048,39.6,0.00392107,122.211
5000,1.5,0.3048,39.6,0.00392107,116.241
2000,17.4,0.0254,31.7,0.0176631,124.356
8000,0,0.3048,71.3,0.00266337,117.151
2000,6.7,0.1016,31.7,0.00592927,120.446
1000,0,0.0508,31.7,0.000812164,126.78
200,9.9,0.1524,31.7,0.0252785,127.299
200,7.3,0.2286,71.3,0.0104404,138.758
3150,4,0.2286,31.7,0.00509068,120.229
1250,3,0.3048,39.6,0.00495741,125.802
6300,3.3,0.1016,39.6,0.00245138,120.851
400,17.4,0.0254,39.6,0.0172206,115.444
800,12.3,0.1016,55.5,0.0368233,125.114
500,9.5,0.0254,39.6,0.00449821,123.894
12500,0,0.3048,71.3,0.00266337,112.241
1250,0,0.1524,39.6,0.00193287,131.023
250,15.4,0.0508,55.5,0.0271925,124.17
1000,1.5,0.3048,39.6,0.00392107,127.581
1000,5.4,0.1524,31.7,0.00525474,128.241
5000,9.5,0.0254,55.5,0.0043284,128.412
400,19.7,0.0508,39.6,0.036484,130.614
400,2,0.2286,71.3,0.00293031,125.116
800,4.8,0.0254,39.6,0.000907475,120.766
1000,0,0.1524,55.5,0.00172668,128.583
500,2,0.2286,31.7,0.00372371,126.677
250,11.2,0.0508,71.3,0.014072,127.101
1600,22.2,0.0254,39.6,0.0229028,122.216
400,5.3,0.2286,71.3,0.0051942,127.7
4000,0,0.1016,55.5,0.00131983,129.5
8000,0,0.3048,39.6,0.00310138,114.779
12500,0,0.0254,31.7,0.000439472,128.977
4000,4.2,0.0508,71.3,0.00142788,133.598
1250,4,0.3048,71.3,0.00497773,129.395
1250,0,0.2286,71.3,0.00214345,128.144
250,4,0.3048,39.6,0.00579636,123.543
1000,7.3,0.2286,31.7,0.0132672,119.099
6300,9.9,0.1524,55.5,0.0208438,110.555
400,9.5,0.0254,31.7,0.00461377,124.756
2000,0,0.1524,55.5,0.00172668,129.673
1600,7.3,0.2286,39.6,0.0123481,121.059
315,4,0.3048,39.6,0.00579636,126.843
250,15.4,0.0508,31.7,0.0289853,121.225
630,2.7,0.1524,39.6,0.00294804,125.809
1600,3,0.3048,71.3,0.00425727,126.514
200,19.7,0.0508,71.3,0.0341183,118.005
200,0,0.3048,39.6,0.00310138,118.129
1250,4.2,0.0508,39.6,0.00152689,128.427
12500,0,0.0508,71.3,0.000740478,125.22
20000,4.8,0.0254,55.5,0.000873218,121.284
400,8.9,0.1016,39.6,0.0124596,135.54
5000,0,0.0508,39.6,0.000791822,134.308
3150,4.8,0.0254,71.3,0.000848633,133.378
800,15.4,0.0508,71.3,0.0264269,131.515
3150,0,0.3048,71.3,0.00266337,125.201
3150,12.7,0.0254,71.3,0.0121808,133.758
2500,0,0.1524,71.3,0.0015988,128.127
5000,0,0.3048,55.5,0.00283081,119.606
500,1.5,0.3048,39.6,0.00392107,126.661
1600,0,0.1016,71.3,0.00121072,131.725
2500,4,0.3048,71.3,0.00497773,123.775
6300,5.4,0.1524,31.7,0.00525474,115.591
2500,0,0.3048,39.6,0.00310138,121.399
5000,4.8,0.0254,55.5,0.000873218,135.484
315,8.9,0.1016,71.3,0.0103088,136.583
1600,9.5,0.0254,31.7,0.00461377,131.036
1000,4,0.2286,39.6,0.00473801,129.969
10000,2.7,0.1524,39.6,0.00294804,112.589
12500,0,0.1016,71.3,0.00121072,119.375
500,6.7,0.1016,55.5,0.0052139,129.343
4000,0,0.0254,39.6,0.000428464,135.346
5000,5.4,0.1524,31.7,0.00525474,115.691
5000,22.2,0.0254,39.6,0.0229028,118.816
10000,12.7,0.0254,39.6,0.0130253,116.017
2500,0,0.3048,31.7,0.00331266,120.755
800,9.9,0.1524,31.7,0.0252785,125.539
800,9.5,0.0254,55.5,0.0043284,128.082
6300,4,0.2286,71.3,0.00400603,118.618
10000,4.8,0.0254,55.5,0.000873218,126.944
200,17.4,0.0254,55.5,0.0165706,109.951
800,7.3,0.2286,31.7,0.0132672,123.209
2500,2,0.2286,39.6,0.00346574,121.397
315,12.3,0.1016,71.3,0.0337792,137.068
800,1.5,0.3048,39.6,0.00392107,128.831
4000,9.9,0.1524,71.3,0.0193001,115.079
6300,12.6,0.1524,71.3,0.0483159,107.284
6300,4.2,0.0508,39.6,0.00152689,125.717
2000,9.9,0.1524,31.7,0.0252785,116.859
3150,12.6,0.1524,71.3,0.0483159,113.334
400,2,0.2286,39.6,0.00346574,122.147
2500,22.2,0.0254,71.3,0.0214178,126.097
4000,0,0.3048,71.3,0.00266337,123.061
5000,0,0.0508,71.3,0.000740478,134.43
1000,19.7,0.0508,71.3,0.0341183,121.885
6300,0,0.1016,31.7,0.00150092,124.253
800,15.4,0.0508,39.6,0.0282593,128.423
2000,0,0.3048,39.6,0.00310138,123.689
250,9.5,0.0254,39.6,0.00449821,116.924
200,7.3,0.2286,55.5,0.0111706,135.234
3150,5.4,0.1524,31.7,0.00525474,118.291
10000,3.3,0.1016,71.3,0.00202822,116.694
3150,0,0.0254,39.6,0.000428464,133.276
1250,12.3,0.1016,39.6,0.0408268,121.165
4000,0,0.1524,31.7,0.00209405,123.807
20000,4,0.2286,71.3,0.00400603,109.638
4000,0,0.3048,39.6,0.00310138,119.229
1600,9.9,0.1524,31.7,0.0252785,117.119
4000,0,0.0254,55.5,0.00041229,133.223
4000,4,0.3048,71.3,0.00497773,119.535
5000,5.4,0.1524,71.3,0.00401199,120.061
4000,3.3,0.1016,55.5,0.002211,127.229
5000,2.7,0.1524,39.6,0.00294804,121.499
4000,4.8,0.0254,39.6,0.000907475,134.996
315,0,0.2286,39.6,0.00253511,121.055
250,15.6,0.1016,71.3,0.0437259,132.158
1600,2.7,0.1524,71.3,0.00243851,130.644
4000,12.6,0.1524,39.6,0.0584113,104.5
1250,2.7,0.1524,71.3,0.00243851,130.144
800,4,0.2286,31.7,0.00509068,130.869
400,9.9,0.1524,31.7,0.0252785,128.939
6300,5.4,0.1524,55.5,0.00433288,117.287
5000,2,0.2286,71.3,0.00293031,122.816
5000,4.8,0.0254,31.7,0.000930789,135.248
1250,19.7,0.0508,39.6,0.036484,118.634
800,3.3,0.1016,39.6,0.00245138,129.991
2000,8.4,0.0508,55.5,0.00544854,133.042
400,5.3,0.2286,39.6,0.00614329,131.221
800,9.9,0.1524,55.5,0.0208438,126.565
1600,15.6,0.1016,71.3,0.0437259,121.528
1250,8.4,0.0508,31.7,0.00580776,130.156
6300,4,0.2286,55.5,0.0042862,117.154
6300,12.7,0.0254,71.3,0.0121808,125.398
630,17.4,0.0254,71.3,0.016104,122.606
1250,8.4,0.0508,71.3,0.00529514,132.086
800,12.7,0.0254,39.6,0.0130253,130.217
5000,12.3,0.1016,39.6,0.0408268,108.625
1250,6.7,0.1016,39.6,0.00578076,132.395
400,9.5,0.0254,55.5,0.0043284,120.952
500,19.7,0.0508,71.3,0.0341183,126.995
6300,15.4,0.0508,55.5,0.0271925,112.93
1600,9.9,0.1524,39.6,0.0233328,118.545
315,5.4,0.1524,39.6,0.00485029,125.347
3150,0,0.2286,39.6,0.00253511,124.625
2500,7.2,0.1524,39.6,0.00909175,117.478
630,3,0.3048,39.6,0.00495741,129.292
2500,15.4,0.0508,71.3,0.0264269,127.625
1000,2.7,0.1524,71.3,0.00243851,128.774
1600,0,0.1524,55.5,0.00172668,130.183
4000,4,0.2286,31.7,0.00509068,118.859
3150,2,0.2286,39.6,0.00346574,121.627
200,19.7,0.0508,39.6,0.036484,125.974
1250,15.6,0.1016,39.6,0.0528487,118.214
1000,4,0.2286,31.7,0.00509068,129.869
6300,0,0.3048,39.6,0.00310138,116.229
400,22.2,0.0254,39.6,0.0229028,123.416
10000,0,0.3048,39.6,0.00310138,112.139
500,2,0.2286,39.6,0.00346574,125.157
1250,4,0.2286,71.3,0.00400603,131.718
4000,0,0.1524,71.3,0.0015988,128.857
400,5.4,0.1524,31.7,0.00525474,127.781
16000,2.7,0.1524,71.3,0.00243851,110.364
500,17.4,0.0254,55.5,0.0165706,119.621
400,3,0.3048,71.3,0.00425727,127.564
500,15.4,0.0508,71.3,0.0264269,127.285
4000,22.2,0.0254,71.3,0.0214178,123.917
250,15.4,0.0508,71.3,0.0264269,124.835
1000,0,0.3048,39.6,0.00310138,127.899
250,7.3,0.2286,71.3,0.0104404,139.918
1250,0,0.1524,55.5,0.00172668,129.953
2000,11.2,0.0508,71.3,0.014072,133.311
500,22.2,0.0254,71.3,0.0214178,117.967
500,15.4,0.0508,31.7,0.0289853,123.695
800,17.4,0.0254,55.5,0.0165706,123.091
1000,15.4,0.0508,71.3,0.0264269,131.865
1000,3,0.3048,71.3,0.00425727,129.004
1250,3.3,0.1016,71.3,0.00202822,132.304
2500,9.9,0.1524,31.7,0.0252785,114.729
250,7.3,0.2286,55.5,0.0111706,136.384
1000,4.2,0.0508,39.6,0.00152689,125.647
2500,5.4,0.1524,31.7,0.00525474,119.151
5000,1.5,0.3048,71.3,0.00336729,119.632
1000,9.9,0.1524,55.5,0.0208438,124.665
1000,12.3,0.1016,55.5,0.0368233,125.484
630,0,0.1016,39.6,0.00146332,125.401
4000,0,0.0508,55.5,0.00076193,134.946
800,12.6,0.1524,39.6,0.0584113,116.56
800,1.5,0.3048,71.3,0.00336729,127.122
315,3,0.3048,39.6,0.00495741,123.312
1250,0,0.2286,39.6,0.00253511,129.395
800,6.7,0.1016,55.5,0.0052139,135.953
3150,17.4,0.0254,71.3,0.016104,126.536
3150,8.4,0.0508,39.6,0.00566229,123.965
2500,5.3,0.2286,39.6,0.00614329,116.151
3150,12.6,0.1524,39.6,0.0584113,106.26
250,12.3,0.1016,71.3,0.0337792,131.568
6300,9.9,0.1524,71.3,0.0193001,112.039
800,9.9,0.1524,71.3,0.0193001,128.879
2000,4.2,0.0508,71.3,0.00142788,129.848
6300,0,0.2286,39.6,0.00253511,117.465
2500,17.4,0.0254,39.6,0.0172206,124.154
2000,0,0.3048,71.3,0.00266337,127.461
5000,8.9,0.1016,39.6,0.0124596,113.08
1600,3,0.3048,55.5,0.00452492,124.439
630,0,0.1524,55.5,0.00172668,123.583
4000,8.9,0.1016,71.3,0.0103088,120.243
2000,3,0.3048,55.5,0.00452492,123.069
400,7.3,0.2286,39.6,0.0123481,132.039
10000,0,0.0508,39.6,0.000791822,125.998
400,8.4,0.0508,31.7,0.00580776,120.076
1250,7.3,0.2286,31.7,0.0132672,120.509
2500,3,0.3048,39.6,0.00495741,120.162
2500,9.5,0.0254,39.6,0.00449821,131.234
1600,12.3,0.1016,39.6,0.0408268,117.875
3150,1.5,0.3048,39.6,0.00392107,119.111
4000,0,0.0254,71.3,0.000400682,138.557
2500,2.7,0.1524,39.6,0.00294804,125.589
2500,15.6,0.1016,71.3,0.0437259,118.998
6300,12.3,0.1016,55.5,0.0368233,110.124
6300,9.5,0.0254,31.7,0.00461377,120.726
2000,15.6,0.1016,39.6,0.0528487,110.894
3150,9.9,0.1524,71.3,0.0193001,116.849
1000,0,0.0508,55.5,0.00076193,125.586
1250,0,0.0508,55.5,0.00076193,127.076
630,12.3,0.1016,71.3,0.0337792,135.368
1250,5.4,0.1524,55.5,0.00433288,130.777
630,5.4,0.1524,71.3,0.00401199,128.971
500,8.9,0.1016,39.6,0.0124596,133.79
3150,8.4,0.0508,31.7,0.00580776,122.086
2000,2,0.2286,31.7,0.00372371,123.037
1250,3,0.3048,31.7,0.00529514,124.838
315,0,0.2286,55.5,0.00229336,119.54
8000,1.5,0.3048,39.6,0.00392107,112.251
800,4,0.3048,71.3,0.00497773,131.755
8000,4.8,0.0254,31.7,0.000930789,127.008
400,9.9,0.1524,55.5,0.0208438,131.605
630,8.4,0.0508,55.5,0.00544854,126.152
630,7.3,0.2286,55.5,0.0111706,130.934
5000,7.3,0.2286,31.7,0.0132672,111.029
200,12.3,0.1016,55.5,0.0368233,132.304
1600,5.3,0.2286,39.6,0.00614329,123.081
400,6.7,0.1016,39.6,0.00578076,128.295
1600,0,0.2286,55.5,0.00229336,126.79
630,6.7,0.1016,55.5,0.0052139,133.023
800,2,0.2286,31.7,0.00372371,130.307
400,7.2,0.1524,71.3,0.00752039,130.123
2500,5.4,0.1524,55.5,0.00433288,124.077
1600,22.2,0.0254,71.3,0.0214178,131.817
200,15.6,0.1016,39.6,0.0528487,123.514
5000,0,0.0254,71.3,0.000400682,136.837
2500,5.4,0.1524,39.6,0.00485029,120.497
3150,8.4,0.0508,71.3,0.00529514,131.966
500,0,0.1524,39.6,0.00193287,119.513
8000,17.4,0.0254,71.3,0.016104,115.466
2000,1.5,0.3048,71.3,0.00336729,126.642
1600,4,0.2286,31.7,0.00509068,125.229
4000,19.7,0.0508,71.3,0.0341183,113.045
3150,5.4,0.1524,71.3,0.00401199,123.311
1000,5.4,0.1524,39.6,0.00485029,130.507
1000,0,0.0254,31.7,0.000439472,125.127
800,0,0.0508,31.7,0.000812164,122.79
1000,15.4,0.0508,39.6,0.0282593,127.893
1600,2.7,0.1524,39.6,0.00294804,130.049
8000,3,0.3048,39.6,0.00495741,110.652
4000,0,0.1524,55.5,0.00172668,127.233
315,9.5,0.0254,31.7,0.00461377,122.766
3150,0,0.1016,55.5,0.00131983,131.78
400,9.5,0.0254,39.6,0.00449821,121.154
16000,4.8,0.0254,71.3,0.000848633,124.208
6300,9.9,0.1524,31.7,0.0252785,108.689
5000,9.9,0.1524,39.6,0.0233328,111.135
5000,12.7,0.0254,71.3,0.0121808,128.978
500,5.4,0.1524,55.5,0.00433288,129.367
2000,12.3,0.1016,55.5,0.0368233,118.564
315,2,0.2286,39.6,0.00346574,120.137
4000,3.3,0.1016,71.3,0.00202822,128.704
250,9.9,0.1524,39.6,0.0233328,128.335
1000,0,0.1016,55.5,0.00131983,129.8
800,4,0.2286,55.5,0.0042862,131.864
1600,5.3,0.2286,71.3,0.0051942,130.46
400,5.4,0.1524,55.5,0.00433288,126.807
500,3,0.3048,71.3,0.00425727,128.454
2000,9.9,0.1524,39.6,0.0233328,117.925
2000,17.4,0.0254,39.6,0.0172206,126.644
1600,0,0.3048,39.6,0.00310138,124.049
4000,5.3,0.2286,71.3,0.0051942,120.33
5000,3,0.3048,31.7,0.00529514,113.858
315,15.4,0.0508,39.6,0.0282593,124.493
6300,2,0.2286,39.6,0.00346574,116.417
4000,2,0.2286,55.5,0.00313525,122.232
630,0,0.3048,31.7,0.00331266,129.095
500,19.7,0.0508,39.6,0.036484,128.444
3150,0,0.3048,39.6,0.00310138,120.319
3150,12.3,0.1016,31.7,0.0418756,110.307
250,4,0.2286,31.7,0.00509068,120.189
5000,5.4,0.1524,39.6,0.00485029,117.037
2000,7.2,0.1524,39.6,0.00909175,120.228
8000,0,0.0508,39.6,0.000791822,128.518
3150,2,0.2286,71.3,0.00293031,126.116
3150,12.3,0.1016,55.5,0.0368233,116.914
1600,15.6,0.1016,39.6,0.0528487,114.554
800,0,0.3048,31.7,0.00331266,129.235
1250,12.6,0.1524,39.6,0.0584113,112.16
630,4,0.2286,55.5,0.0042862,129.964
3150,0,0.2286,71.3,0.00214345,127.834
6300,1.5,0.3048,71.3,0.00336729,118.122
500,11.2,0.0508,39.6,0.0150478,131.96
1250,4.8,0.0254,31.7,0.000930789,127.408
12500,4,0.3048,71.3,0.00497773,107.405
12500,0,0.1524,71.3,0.0015988,117.087
800,8.4,0.0508,71.3,0.00529514,127.556
315,4,0.3048,71.3,0.00497773,128.175
1600,17.4,0.0254,55.5,0.0165706,126.471
400,8.4,0.0508,55.5,0.00544854,121.582
800,5.4,0.1524,55.5,0.00433288,133.097
5000,9.5,0.0254,71.3,0.00420654,131.186
315,15.4,0.0508,31.7,0.0289853,122.845
5000,12.7,0.0254,39.6,0.0130253,125.107
400,7.3,0.2286,55.5,0.0111706,135.924
315,11.2,0.0508,39.6,0.0150478,128.99
2500,2.7,0.1524,71.3,0.00243851,128.334
8000,0,0.1524,55.5,0.00172668,121.903
5000,9.9,0.1524,71.3,0.0193001,114.569
2500,2,0.2286,71.3,0.00293031,127.006
1600,2,0.2286,55.5,0.00313525,126.752
2000,0,0.0508,31.7,0.000812164,133.01
3150,7.3,0.2286,39.6,0.0123481,114.309
500,17.4,0.0254,31.7,0.0176631,127.676
315,7.3,0.2286,39.6,0.0123481,132.149
200,11.2,0.0508,71.3,0.014072,125.941
3150,12.3,0.1016,71.3,0.0337792,120.798
3150,9.5,0.0254,55.5,0.0043284,133.252
1250,0,0.3048,31.7,0.00331266,124.355
8000,3,0.3048,55.5,0.00452492,113.799
2000,4,0.2286,71.3,0.00400603,126.218
500,0,0.1524,55.5,0.00172668,120.573
800,15.4,0.0508,55.5,0.0271925,130.43
10000,0,0.1524,39.6,0.00193287,115.413
200,12.3,0.1016,31.7,0.0418756,124.987
800,2,0.2286,71.3,0.00293031,128.216
1600,0,0.0254,39.6,0.000428464,124.156
200,15.4,0.0508,71.3,0.0264269,123.595
5000,4,0.3048,39.6,0.00579636,113.733
3150,17.4,0.0254,39.6,0.0172206,123.564
2500,3.3,0.1016,31.7,0.00251435,130.392
4000,7.2,0.1524,71.3,0.00752039,119.343
500,3,0.3048,55.5,0.00452492,128.179
5000,15.4,0.0508,39.6,0.0282593,114.453
2500,7.3,0.2286,71.3,0.0104404,122.088
1250,4,0.2286,39.6,0.00473801,128.339
315,11.2,0.0508,71.3,0.014072,128.381
200,15.4,0.0508,39.6,0.0282593,121.783
8000,3.3,0.1016,31.7,0.00251435,117.432
5000,2,0.2286,39.6,0.00346574,118.827
3150,2.7,0.1524,71.3,0.00243851,127.054
5000,12.6,0.1524,71.3,0.0483159,108.034
2500,17.4,0.0254,71.3,0.016104,126.746
400,17.4,0.0254,55.5,0.0165706,115.461
2000,3,0.3048,39.6,0.00495741,120.532
630,19.7,0.0508,39.6,0.036484,120.324
5000,15.4,0.0508,31.7,0.0289853,112.355
10000,0,0.0508,31.7,0.000812164,122.45
5000,0,0.0508,31.7,0.000812164,133.23
500,9.9,0.1524,39.6,0.0233328,126.835
800,7.3,0.2286,55.5,0.0111706,128.444
6300,3,0.3048,39.6,0.00495741,114.042
8000,4,0.2286,39.6,0.00473801,113.129
250,12.3,0.1016,31.7,0.0418756,125.857
6300,0,0.0508,39.6,0.000791822,131.918
1250,5.4,0.1524,39.6,0.00485029,127.117
2000,0,0.2286,55.5,0.00229336,126.54
20000,0,0.0254,71.3,0.000400682,123.217
8000,4.2,0.0508,39.6,0.00152689,120.397
400,4,0.2286,39.6,0.00473801,123.879
6300,5.3,0.2286,39.6,0.00614329,112.541
1600,12.3,0.1016,55.5,0.0368233,121.824
1000,7.2,0.1524,71.3,0.00752039,134.273
2500,0,0.2286,71.3,0.00214345,128.354
4000,1.5,0.3048,39.6,0.00392107,117.741
3150,12.7,0.0254,39.6,0.0130253,127.847
4000,17.4,0.0254,31.7,0.0176631,121.996
2500,0,0.0508,39.6,0.000791822,134.938
1600,17.4,0.0254,71.3,0.016104,126.406
2500,17.4,0.0254,55.5,0.0165706,124.931
6300,12.3,0.1016,39.6,0.0408268,107.985
8000,12.7,0.0254,71.3,0.0121808,120.538
400,3,0.3048,39.6,0.00495741,125.472
630,9.9,0.1524,39.6,0.0233328,126.465
500,4,0.2286,71.3,0.00400603,126.758
500,0,0.2286,39.6,0.00253511,126.195
2000,12.6,0.1524,71.3,0.0483159,117.504
2500,5.3,0.2286,71.3,0.0051942,123.74
200,12.3,0.1016,71.3,0.0337792,130.588
315,6.7,0.1016,31.7,0.00592927,126.266
2500,9.9,0.1524,71.3,0.0193001,119.639
630,8.4,0.0508,31.7,0.00580776,125.856
4000,11.2,0.0508,39.6,0.0150478,115.52
630,15.4,0.0508,31.7,0.0289853,124.685
16000,0,0.1524,71.3,0.0015988,113.297
2000,12.3,0.1016,71.3,0.0337792,122.218
800,4,0.2286,71.3,0.00400603,130.688
500,0,0.2286,55.5,0.00229336,123.78
315,4,0.2286,31.7,0.00509068,123.609
800,4.8,0.0254,31.7,0.000930789,122.648
1250,11.2,0.0508,71.3,0.014072,136.191
8000,7.2,0.1524,39.6,0.00909175,111.588
1600,0,0.3048,71.3,0.00266337,127.591
1600,2,0.2286,71.3,0.00293031,127.796
4000,0,0.1016,71.3,0.00121072,130.935
1000,0,0.3048,31.7,0.00331266,127.365
8000,0,0.1016,39.6,0.00146332,122.341
6300,0,0.2286,71.3,0.00214345,122.044
800,0,0.1524,71.3,0.0015988,125.817
250,9.5,0.0254,31.7,0.00461377,120.136
2500,5.4,0.1524,71.3,0.00401199,127.591
1250,0,0.2286,31.7,0.0027238,128.805
315,0,0.2286,31.7,0.0027238,120.595
200,7.3,0.2286,31.7,0.0132672,128.679
4000,12.7,0.0254,71.3,0.0121808,131.808
3150,0,0.3048,31.7,0.00331266,119.135
1000,3,0.3048,31.7,0.00529514,126.838
4000,3,0.3048,31.7,0.00529514,115.608
800,8.4,0.0508,55.5,0.00544854,128.562
400,4,0.2286,31.7,0.00509068,126.149
200,8.9,0.1016,71.3,0.0103088,133.503
400,8.4,0.0508,39.6,0.00566229,120.015
1000,17.4,0.0254,71.3,0.016104,125.816
1250,5.4,0.1524,31.7,0.00525474,123.991
1600,0,0.3048,55.5,0.00283081,126.986
1000,3,0.3048,55.5,0.00452492,129.329
2500,0,0.1524,55.5,0.00172668,127.763
10000,4.2,0.0508,39.6,0.00152689,116.967
6300,7.3,0.2286,71.3,0.0104404,115.818
400,6.7,0.1016,31.7,0.00592927,128.296
6300,15.4,0.0508,71.3,0.0264269,115.215
800,2,0.2286,55.5,0.00313525,128.492
4000,0,0.1016,39.6,0.00146332,127.801
6300,7.3,0.2286,39.6,0.0123481,110.839
1250,7.3,0.2286,39.6,0.0123481,123.189
16000,0,0.0254,31.7,0.000439472,125.627
630,3.3,0.1016,55.5,0.002211,126.599
6300,17.4,0.0254,55.5,0.0165706,114.861
250,17.4,0.0254,39.6,0.0172206,114.714
10000,0,0.1016,31.7,0.00150092,115.893
1000,2.7,0.1524,39.6,0.00294804,130.589
1600,15.4,0.0508,71.3,0.0264269,130.065
4000,0,0.3048,55.5,0.00283081,121.106
630,9.5,0.0254,39.6,0.00449821,126.514
3150,0,0.0508,55.5,0.00076193,134.826
630,4,0.3048,71.3,0.00497773,131.615
6300,2,0.2286,55.5,0.00313525,118.712
2000,8.4,0.0508,39.6,0.00566229,129.965
6300,7.3,0.2286,55.5,0.0111706,111.534
8000,4,0.2286,55.5,0.0042862,112.524
630,7.2,0.1524,39.6,0.00909175,133.198
16000,1.5,0.3048,71.3,0.00336729,106.582
3150,3,0.3048,31.7,0.00529514,118.108
1250,8.9,0.1016,71.3,0.0103088,132.793
800,2.7,0.1524,39.6,0.00294804,128.829
2500,7.2,0.1524,71.3,0.00752039,124.353
10000,0,0.3048,71.3,0.00266337,115.391
5000,17.4,0.0254,71.3,0.016104,123.126
1250,3.3,0.1016,31.7,0.00251435,134.022
4000,11.2,0.0508,71.3,0.014072,122.471
500,5.3,0.2286,39.6,0.00614329,132.251
250,9.9,0.1524,31.7,0.0252785,128.559
1600,4.8,0.0254,39.6,0.000907475,125.966
500,15.4,0.0508,55.5,0.0271925,127.22
3150,7.2,0.1524,71.3,0.00752039,116.783
500,8.4,0.0508,55.5,0.00544854,123.742
2000,5.3,0.2286,39.6,0.00614329,117.911
315,5.4,0.1524,31.7,0.00525474,125.741
4000,7.3,0.2286,55.5,0.0111706,117.284
6300,4.8,0.0254,39.6,0.000907475,134.336
315,15.4,0.0508,71.3,0.0264269,126.195
10000,0,0.1016,55.5,0.00131983,121.93
1250,2,0.2286,39.6,0.00346574,128.257
2000,0,0.0508,55.5,0.00076193,131.456
5000,2,0.2286,55.5,0.00313525,120.472
8000,5.3,0.2286,71.3,0.0051942,114.9
500,15.4,0.0508,39.6,0.0282593,125.963
630,3,0.3048,55.5,0.00452492,129.569
400,4,0.3048,71.3,0.00497773,129.575
630,8.4,0.0508,39.6,0.00566229,126.045
10000,0,0.3048,31.7,0.00331266,108.265
12500,0,0.0254,55.5,0.00041229,131.453
5000,0,0.1016,31.7,0.00150092,124.393
400,1.5,0.3048,39.6,0.00392107,124.001
1000,4,0.3048,71.3,0.00497773,131.015
630,6.7,0.1016,39.6,0.00578076,133.355
8000,0,0.0254,31.7,0.000439472,137.207
6300,12.3,0.1016,71.3,0.0337792,113.958
1600,4.8,0.0254,55.5,0.000873218,121.474
500,6.7,0.1016,31.7,0.00592927,130.206
2000,4,0.2286,55.5,0.0042862,124.254
1600,0,0.1524,31.7,0.00209405,130.817
6300,7.2,0.1524,71.3,0.00752039,116.603
800,0,0.0508,39.6,0.000791822,126.508
2000,0,0.2286,39.6,0.00253511,125.305
3150,7.3,0.2286,55.5,0.0111706,117.134
630,22.2,0.0254,71.3,0.0214178,120.657
630,12.3,0.1016,55.5,0.0368233,124.244
4000,4.8,0.0254,71.3,0.000848633,134.928
2500,0,0.1524,31.7,0.00209405,125.867
8000,0,0.1524,39.6,0.00193287,120.553
5000,17.4,0.0254,31.7,0.0176631,117.996
1000,0,0.0508,39.6,0.000791822,127.638
2500,4.2,0.0508,71.3,0.00142788,131.978
2500,0,0.0508,31.7,0.000812164,134.87
1250,0,0.0508,71.3,0.000740478,128.56
2000,3.3,0.1016,31.7,0.00251435,131.642
5000,22.2,0.0254,71.3,0.0214178,125.727
1250,4,0.2286,55.5,0.0042862,131.264
3150,9.9,0.1524,55.5,0.0208438,115.085
8000,0,0.1524,71.3,0.0015988,122.527
2500,3,0.3048,55.5,0.00452492,122.439
630,3.3,0.1016,39.6,0.00245138,127.251
5000,12.3,0.1016,55.5,0.0368233,112.014
5000,0,0.0254,39.6,0.000428464,136.536
800,0,0.2286,31.7,0.0027238,130.725
3150,5.4,0.1524,39.6,0.00485029,119.137
500,5.4,0.1524,31.7,0.00525474,129.681
2500,12.3,0.1016,31.7,0.0418756,110.317
5000,12.6,0.1524,39.6,0.0584113,104.13
2000,6.7,0.1016,71.3,0.00478288,134.568
630,12.6,0.1524,71.3,0.0483159,123.304
8000,0,0.0254,71.3,0.000400682,129.867
400,11.2,0.0508,71.3,0.014072,129.281
2000,9.5,0.0254,39.6,0.00449821,131.274
800,2.7,0.1524,71.3,0.00243851,127.394
5000,5.4,0.1524,55.5,0.00433288,118.757
1000,12.6,0.1524,39.6,0.0584113,114.67
315,12.3,0.1016,55.5,0.0368233,135.674
2500,15.4,0.0508,39.6,0.0282593,122.413
1250,1.5,0.3048,71.3,0.00336729,125.872
1000,9.9,0.1524,31.7,0.0252785,122.149
8000,22.2,0.0254,71.3,0.0214178,121.657
2500,8.4,0.0508,71.3,0.00529514,134.226
5000,0,0.0254,55.5,0.00041229,135.803
500,4,0.2286,39.6,0.00473801,127.039
2000,9.9,0.1524,71.3,0.0193001,120.779
2000,15.4,0.0508,31.7,0.0289853,120.835
800,8.9,0.1016,71.3,0.0103088,137.813
3150,7.3,0.2286,71.3,0.0104404,120.458
800,8.4,0.0508,31.7,0.00580776,128.246
250,8.9,0.1016,71.3,0.0103088,134.533
250,12.6,0.1524,39.6,0.0584113,115.89
8000,0,0.0508,31.7,0.000812164,126.59
8000,3.3,0.1016,55.5,0.002211,120.569
5000,3,0.3048,71.3,0.00425727,118.134
800,0,0.2286,55.5,0.00229336,127.53
5000,0,0.0254,31.7,0.000439472,138.607
250,22.2,0.0254,39.6,0.0229028,117.386
200,17.4,0.0254,39.6,0.0172206,114.044
6300,0,0.0254,71.3,0.000400682,134.987
2500,19.7,0.0508,71.3,0.0341183,118.385
200,11.2,0.0508,39.6,0.0150478,125.01
500,12.7,0.0254,71.3,0.0121808,126.898
500,7.3,0.2286,55.5,0.0111706,133.174
1600,2,0.2286,31.7,0.00372371,125.797
2000,4.8,0.0254,55.5,0.000873218,125.054
2500,7.3,0.2286,39.6,0.0123481,116.559
1000,4,0.2286,71.3,0.00400603,131.708
6300,12.3,0.1016,31.7,0.0418756,107.267
315,12.6,0.1524,39.6,0.0584113,116.02
1600,12.6,0.1524,71.3,0.0483159,120.534
4000,9.5,0.0254,39.6,0.00449821,127.864
