4
TRAINING,3,200.0,12.3,0.1016,39.6,0.0408268,128.545
TRAINING,5,12500.0,1.5,0.3048,71.3,0.00336729,109.222
TRAINING,9,4000.0,0.0,0.0508,31.7,8.12164E-4,134.11
TRAINING,3,2000.0,15.6,0.1016,71.3,0.0437259,119.888
TRAINING,9,5000.0,0.0,0.1016,39.6,0.00146332,126.021
TRAINING,9,4000.0,15.4,0.0508,31.7,0.0289853,115.635
TRAINING,3,400.0,9.9,0.1524,71.3,0.0193001,135.079
TRAINING,5,16000.0,0.0,0.3048,71.3,0.00266337,108.721
TRAINING,3,315.0,22.2,0.0254,39.6,0.0229028,120.716
TRAINING,3,1250.0,7.3,0.2286,71.3,0.0104404,127.358
TRAINING,3,315.0,9.9,0.1524,71.3,0.0193001,135.459
TRAINING,3,800.0,9.5,0.0254,71.3,0.00420654,127.206
TRAINING,3,2000.0,0.0,0.1524,71.3,0.0015988,128.647
TRAINING,9,4000.0,15.6,0.1016,39.6,0.0528487,106.604
TRAINING,3,400.0,9.9,0.1524,39.6,0.0233328,128.345
TRAINING,3,1000.0,0.0,0.2286,39.6,0.00253511,130.435
TRAINING,5,10000.0,2.7,0.1524,71.3,0.00243851,116.724
TRAINING,3,400.0,15.4,0.0508,55.5,0.0271925,126.5
TRAINING,9,5000.0,4.0,0.3048,71.3,0.00497773,117.785
TRAINING,3,2000.0,7.3,0.2286,71.3,0.0104404,122.708
TRAINING,3,2000.0,17.4,0.0254,71.3,0.016104,126.826
TRAINING,3,630.0,17.4,0.0254,39.6,0.0172206,124.514
TRAINING,3,500.0,11.2,0.0508,71.3,0.014072,130.311
TRAINING,3,1000.0,12.3,0.1016,39.6,0.0408268,122.435
TRAINING,3,200.0,12.6,0.1524,39.6,0.0584113,114.75
TRAINING,9,5000.0,9.9,0.1524,31.7,0.0252785,109.949
TRAINING,3,400.0,12.7,0.0254,39.6,0.0130253,125.527
TRAINING,3,2000.0,0.0,0.3048,31.7,0.00331266,122.375
TRAINING,3,2500.0,0.0,0.2286,31.7,0.0027238,123.445
TRAINING,3,1000.0,12.7,0.0254,71.3,0.0121808,131.698
TRAINING,3,1600.0,12.3,0.1016,71.3,0.0337792,124.748
TRAINING,5,10000.0,0.0,0.0254,55.5,4.1229E-4,134.563
TRAINING,3,630.0,15.4,0.0508,55.5,0.0271925,129.33
TRAINING,3,1250.0,5.3,0.2286,39.6,0.00614329,125.721
TRAINING,3,1600.0,4.2,0.0508,39.6,0.00152689,130.197
TRAINING,3,800.0,7.3,0.2286,39.6,0.0123481,126.299
TRAINING,3,630.0,0.0,0.2286,39.6,0.00253511,128.705
TRAINING,3,1000.0,15.6,0.1016,71.3,0.0437259,124.438
TRAINING,3,250.0,12.7,0.0254,39.6,0.0130253,121.547
TRAINING,3,1600.0,8.4,0.0508,31.7,0.00580776,129.296
TRAINING,3,2000.0,3.0,0.3048,71.3,0.00425727,125.524
TRAINING,3,1000.0,7.3,0.2286,55.5,0.0111706,125.194
TRAINING,3,800.0,6.7,0.1016,39.6,0.00578076,134.625
TRAINING,9,6300.0,4.8,0.0254,71.3,8.48633E-4,134.498
TRAINING,3,630.0,0.0,0.1016,71.3,0.00121072,124.155
TRAINING,3,1000.0,0.0,0.1524,31.7,0.00209405,130.987
TRAINING,3,1000.0,2.0,0.2286,31.7,0.00372371,130.307
TRAINING,9,5000.0,2.7,0.1524,71.3,0.00243851,124.364
TRAINING,3,2500.0,9.5,0.0254,31.7,0.00461377,130.086
TRAINING,3,1000.0,12.3,0.1016,71.3,0.0337792,127.928
TRAINING,3,500.0,0.0,0.3048,31.7,0.00331266,127.315
TRAINING,3,3150.0,1.5,0.3048,71.3,0.00336729,123.392
TRAINING,9,8000.0,0.0,0.0254,55.5,4.1229E-4,136.163
TRAINING,3,1000.0,3.3,0.1016,39.6,0.00245138,131.971
TRAINING,9,6300.0,4.8,0.0254,55.5,8.73218E-4,135.164
TRAINING,3,2000.0,2.0,0.2286,55.5,0.00313525,124.612
TRAINING,3,1600.0,0.0,0.0508,31.7,8.12164E-4,131.01
TRAINING,3,1250.0,7.3,0.2286,55.5,0.0111706,125.724
TRAINING,3,630.0,0.0,0.3048,55.5,0.00283081,127.696
TRAINING,3,2500.0,0.0,0.1016,31.7,0.00150092,132.003
TRAINING,3,2000.0,3.3,0.1016,55.5,0.002211,133.649
TRAINING,3,1600.0,17.4,0.0254,31.7,0.0176631,126.846
TRAINING,9,4000.0,4.0,0.2286,39.6,0.00473801,119.159
TRAINING,9,5000.0,2.0,0.2286,31.7,0.00372371,118.267
TRAINING,3,2500.0,0.0,0.1016,71.3,0.00121072,132.595
TRAINING,9,4000.0,8.9,0.1016,39.6,0.0124596,116.22
TRAINING,3,2000.0,22.2,0.0254,39.6,0.0229028,121.256
TRAINING,9,5000.0,4.0,0.2286,39.6,0.00473801,117.649
TRAINING,9,4000.0,15.4,0.0508,71.3,0.0264269,122.675
TRAINING,3,3150.0,5.3,0.2286,39.6,0.00614329,118.441
TRAINING,3,1000.0,0.0,0.0508,71.3,7.40478E-4,129.45
TRAINING,3,3150.0,4.0,0.2286,71.3,0.00400603,124.108
TRAINING,9,8000.0,0.0,0.1016,55.5,0.00131983,124.45
TRAINING,5,12500.0,4.0,0.2286,71.3,0.00400603,114.258
TRAINING,3,1000.0,2.0,0.2286,55.5,0.00313525,129.002
TRAINING,3,2500.0,8.9,0.1016,39.6,0.0124596,119.19
TRAINING,3,400.0,3.0,0.3048,55.5,0.00452492,126.159
TRAINING,9,4000.0,0.0,0.0254,31.7,4.39472E-4,137.047
TRAINING,3,400.0,15.4,0.0508,71.3,0.0264269,126.805
TRAINING,9,4000.0,4.0,0.3048,39.6,0.00579636,115.863
TRAINING,9,6300.0,3.3,0.1016,31.7,0.00251435,120.702
TRAINING,3,2500.0,4.2,0.0508,39.6,0.00152689,133.847
TRAINING,3,3150.0,12.3,0.1016,39.6,0.0408268,113.055
TRAINING,3,1250.0,5.4,0.1524,71.3,0.00401199,134.111
TRAINING,3,500.0,7.3,0.2286,39.6,0.0123481,130.299
TRAINING,3,315.0,3.0,0.3048,31.7,0.00529514,123.118
TRAINING,3,500.0,7.2,0.1524,39.6,0.00909175,132.658
TRAINING,3,2500.0,0.0,0.0254,39.6,4.28464E-4,131.836
TRAINING,3,2500.0,8.4,0.0508,55.5,0.00544854,131.542
TRAINING,3,3150.0,15.4,0.0508,31.7,0.0289853,118.045
TRAINING,3,800.0,7.2,0.1524,71.3,0.00752039,136.023
TRAINING,3,500.0,12.3,0.1016,55.5,0.0368233,133.774
TRAINING,3,3150.0,15.6,0.1016,39.6,0.0528487,109.254
TRAINING,9,6300.0,3.0,0.3048,71.3,0.00425727,116.134
TRAINING,3,3150.0,8.4,0.0508,55.5,0.00544854,128.402
TRAINING,3,1250.0,17.4,0.0254,31.7,0.0176631,128.306
TRAINING,9,4000.0,3.0,0.3048,55.5,0.00452492,118.689
TRAINING,3,2500.0,0.0,0.1016,39.6,0.00146332,132.611
TRAINING,3,315.0,15.4,0.0508,55.5,0.0271925,125.39
TRAINING,3,2000.0,3.0,0.3048,31.7,0.00529514,120.088
TRAINING,3,1250.0,17.4,0.0254,71.3,0.016104,126.356
TRAINING,3,1600.0,15.4,0.0508,55.5,0.0271925,128.2
TRAINING,3,3150.0,3.3,0.1016,31.7,0.00251435,128.252
TRAINING,3,500.0,3.0,0.3048,31.7,0.00529514,127.548
TRAINING,3,2500.0,0.0,0.2286,55.5,0.00229336,126.54
TRAINING,3,400.0,0.0,0.3048,39.6,0.00310138,124.809
TRAINING,3,1000.0,0.0,0.1016,71.3,0.00121072,128.825
TRAINING,9,5000.0,0.0,0.1016,55.5,0.00131983,128.36
TRAINING,3,2000.0,9.9,0.1524,55.5,0.0208438,119.505
TRAINING,9,4000.0,3.3,0.1016,31.7,0.00251435,124.852
TRAINING,9,4000.0,19.7,0.0508,39.6,0.036484,108.684
TRAINING,3,2500.0,4.0,0.2286,71.3,0.00400603,124.338
TRAINING,3,2000.0,0.0,0.1016,31.7,0.00150092,133.153
TRAINING,3,800.0,0.0,0.1016,39.6,0.00146332,128.401
TRAINING,9,4000.0,12.3,0.1016,55.5,0.0368233,114.404
TRAINING,3,1250.0,8.4,0.0508,39.6,0.00566229,131.205
TRAINING,9,6300.0,0.0,0.1524,31.7,0.00209405,119.737
TRAINING,3,2000.0,7.3,0.2286,31.7,0.0132672,115.309
TRAINING,3,400.0,3.0,0.3048,31.7,0.00529514,125.398
TRAINING,5,10000.0,7.2,0.1524,39.6,0.00909175,110.868
TRAINING,3,630.0,9.9,0.1524,71.3,0.0193001,129.889
TRAINING,3,1250.0,9.5,0.0254,71.3,0.00420654,131.656
TRAINING,9,4000.0,5.4,0.1524,55.5,0.00433288,119.737
TRAINING,3,2500.0,2.0,0.2286,31.7,0.00372371,121.407
TRAINING,9,6300.0,0.0,0.0254,39.6,4.28464E-4,136.826
TRAINING,9,5000.0,4.2,0.0508,39.6,0.00152689,129.777
TRAINING,3,250.0,9.9,0.1524,71.3,0.0193001,135.329
TRAINING,3,400.0,7.2,0.1524,39.6,0.00909175,132.118
TRAINING,3,800.0,9.9,0.1524,39.6,0.0233328,126.345
TRAINING,3,400.0,15.4,0.0508,31.7,0.0289853,123.705
TRAINING,9,5000.0,17.4,0.0254,39.6,0.0172206,119.854
TRAINING,3,500.0,2.0,0.2286,71.3,0.00293031,126.486
TRAINING,3,3150.0,3.3,0.1016,55.5,0.002211,130.629
TRAINING,9,5000.0,8.9,0.1016,71.3,0.0103088,116.723
TRAINING,3,630.0,2.0,0.2286,31.7,0.00372371,129.057
TRAINING,9,4000.0,0.0,0.2286,71.3,0.00214345,125.824
TRAINING,3,500.0,5.4,0.1524,71.3,0.00401199,126.291
TRAINING,9,4000.0,8.4,0.0508,71.3,0.00529514,126.926
TRAINING,9,5000.0,9.5,0.0254,39.6,0.00449821,125.044
TRAINING,3,630.0,4.0,0.2286,71.3,0.00400603,129.038
TRAINING,9,6300.0,9.5,0.0254,71.3,0.00420654,127.246
TRAINING,3,2000.0,8.4,0.0508,31.7,0.00580776,127.686
TRAINING,3,1600.0,0.0,0.1016,39.6,0.00146332,133.261
TRAINING,3,1000.0,17.4,0.0254,39.6,0.0172206,138.274
TRAINING,9,8000.0,0.0,0.1016,31.7,0.00150092,120.193
TRAINING,3,630.0,3.3,0.1016,31.7,0.00251435,128.952
TRAINING,3,1250.0,7.2,0.1524,71.3,0.00752039,132.513
TRAINING,9,8000.0,2.0,0.2286,71.3,0.00293031,115.996
TRAINING,3,630.0,0.0,0.1524,39.6,0.00193287,124.403
TRAINING,3,3150.0,7.2,0.1524,39.6,0.00909175,111.818
TRAINING,3,1250.0,9.9,0.1524,71.3,0.0193001,122.679
TRAINING,3,400.0,22.2,0.0254,71.3,0.0214178,117.927
TRAINING,5,10000.0,4.0,0.3048,71.3,0.00497773,110.905
TRAINING,9,6300.0,5.3,0.2286,71.3,0.0051942,116.92
TRAINING,9,5000.0,8.4,0.0508,71.3,0.00529514,121.146
TRAINING,3,630.0,1.5,0.3048,39.6,0.00392107,128.311
TRAINING,3,2500.0,4.8,0.0254,71.3,8.48633E-4,130.828
TRAINING,9,4000.0,12.3,0.1016,31.7,0.0418756,108.407
TRAINING,3,3150.0,9.5,0.0254,31.7,0.00461377,128.536
TRAINING,9,6300.0,9.5,0.0254,39.6,0.00449821,120.324
TRAINING,9,4000.0,0.0,0.0508,39.6,7.91822E-4,135.308
TRAINING,9,4000.0,5.4,0.1524,71.3,0.00401199,121.431
TRAINING,3,1600.0,9.5,0.0254,55.5,0.0043284,133.062
TRAINING,3,3150.0,4.8,0.0254,55.5,8.73218E-4,132.354
TRAINING,3,800.0,0.0,0.0508,71.3,7.40478E-4,130.96
TRAINING,9,4000.0,4.0,0.2286,55.5,0.0042862,120.654
TRAINING,3,2000.0,6.7,0.1016,55.5,0.0052139,129.653
TRAINING,3,1600.0,17.4,0.0254,39.6,0.0172206,127.614
TRAINING,9,8000.0,0.0,0.0254,39.6,4.28464E-4,135.866
TRAINING,3,1250.0,9.5,0.0254,39.6,0.00449821,130.964
TRAINING,3,1600.0,19.7,0.0508,39.6,0.036484,117.604
TRAINING,3,1600.0,7.2,0.1524,39.6,0.00909175,120.058
TRAINING,3,1250.0,22.2,0.0254,71.3,0.0214178,140.987
TRAINING,3,1000.0,0.0,0.1016,39.6,0.00146332,130.781
TRAINING,3,250.0,5.3,0.2286,39.6,0.00614329,127.011
TRAINING,3,400.0,12.3,0.1016,71.3,0.0337792,139.428
TRAINING,3,3150.0,0.0,0.1016,31.7,0.00150092,129.973
TRAINING,3,1600.0,4.0,0.3048,71.3,0.00497773,126.645
TRAINING,3,500.0,9.9,0.1524,55.5,0.0208438,127.815
TRAINING,3,1250.0,0.0,0.1016,71.3,0.00121072,130.335
TRAINING,3,1250.0,0.0,0.0254,31.7,4.39472E-4,127.947
TRAINING,5,10000.0,0.0,0.0254,71.3,4.00682E-4,130.787
TRAINING,3,1250.0,12.3,0.1016,55.5,0.0368233,124.214
TRAINING,3,630.0,12.7,0.0254,71.3,0.0121808,128.878
TRAINING,3,800.0,5.4,0.1524,71.3,0.00401199,131.281
TRAINING,3,1600.0,11.2,0.0508,39.6,0.0150478,126.54
TRAINING,3,3150.0,3.0,0.3048,39.6,0.00495741,118.922
TRAINING,3,1000.0,0.0,0.1524,39.6,0.00193287,130.033
TRAINING,3,2000.0,4.0,0.3048,71.3,0.00497773,124.395
TRAINING,9,6300.0,0.0,0.3048,55.5,0.00283081,117.976
TRAINING,3,630.0,7.3,0.2286,31.7,0.0132672,126.189
TRAINING,3,1250.0,19.7,0.0508,71.3,0.0341183,121.485
TRAINING,9,8000.0,0.0,0.0508,55.5,7.6193E-4,130.156
TRAINING,3,3150.0,15.4,0.0508,39.6,0.0282593,120.513
TRAINING,3,800.0,12.6,0.1524,71.3,0.0483159,123.054
TRAINING,3,2000.0,12.7,0.0254,39.6,0.0130253,129.567
TRAINING,3,2500.0,9.5,0.0254,55.5,0.0043284,134.152
TRAINING,3,2000.0,7.3,0.2286,55.5,0.0111706,120.354
TRAINING,3,630.0,2.7,0.1524,71.3,0.00243851,127.404
TRAINING,3,1600.0,8.4,0.0508,55.5,0.00544854,133.032
TRAINING,5,12500.0,4.8,0.0254,71.3,8.48633E-4,127.688
TRAINING,9,5000.0,3.3,0.1016,31.7,0.00251435,122.082
TRAINING,3,2500.0,0.0,0.0254,31.7,4.39472E-4,132.897
TRAINING,9,8000.0,0.0,0.3048,31.7,0.00331266,110.515
TRAINING,3,500.0,7.3,0.2286,31.7,0.0132672,128.169
TRAINING,3,3150.0,2.0,0.2286,55.5,0.00313525,123.742
TRAINING,3,630.0,0.0,0.1016,55.5,0.00131983,126.17
TRAINING,3,1000.0,4.8,0.0254,39.6,9.07475E-4,122.956
TRAINING,3,3150.0,4.0,0.3048,39.6,0.00579636,118.743
TRAINING,3,1000.0,22.2,0.0254,39.6,0.0229028,128.416
TRAINING,3,3150.0,0.0,0.0508,31.7,8.12164E-4,135.49
TRAINING,3,1250.0,3.0,0.3048,55.5,0.00452492,127.329
TRAINING,3,1600.0,4.0,0.2286,39.6,0.00473801,125.319
TRAINING,3,1000.0,3.3,0.1016,31.7,0.00251435,133.012
TRAINING,3,2000.0,4.0,0.2286,39.6,0.00473801,121.659
TRAINING,9,4000.0,5.3,0.2286,39.6,0.00614329,115.801
TRAINING,3,1600.0,4.0,0.3048,39.6,0.00579636,123.213
TRAINING,3,1250.0,15.4,0.0508,71.3,0.0264269,130.845
TRAINING,9,5000.0,7.2,0.1524,39.6,0.00909175,113.288
TRAINING,3,1250.0,4.0,0.3048,39.6,0.00579636,126.343
TRAINING,3,1000.0,4.0,0.3048,39.6,0.00579636,128.723
TRAINING,9,8000.0,0.0,0.0508,71.3,7.40478E-4,130.89
TRAINING,5,16000.0,0.0,0.1524,55.5,0.00172668,112.803
TRAINING,3,1600.0,6.7,0.1016,71.3,0.00478288,136.678
TRAINING,3,315.0,15.6,0.1016,71.3,0.0437259,133.808
TRAINING,9,8000.0,3.3,0.1016,39.6,0.00245138,118.091
TRAINING,3,630.0,11.2,0.0508,39.6,0.0150478,133.13
TRAINING,3,630.0,5.3,0.2286,39.6,0.00614329,132.011
TRAINING,3,500.0,15.6,0.1016,39.6,0.0528487,115.304
TRAINING,9,6300.0,2.7,0.1524,39.6,0.00294804,119.209
TRAINING,3,400.0,17.4,0.0254,71.3,0.016104,117.396
TRAINING,3,2000.0,4.8,0.0254,31.7,9.30789E-4,130.148
TRAINING,3,630.0,22.2,0.0254,39.6,0.0229028,137.026
TRAINING,9,5000.0,4.0,0.2286,55.5,0.0042862,120.034
TRAINING,3,500.0,0.0,0.3048,39.6,0.00310138,126.959
TRAINING,9,6300.0,17.4,0.0254,71.3,0.016104,119.916
TRAINING,3,500.0,17.4,0.0254,39.6,0.0172206,117.514
TRAINING,5,12500.0,4.2,0.0508,71.3,0.00142788,117.328
TRAINING,9,4000.0,12.3,0.1016,39.6,0.0408268,110.905
TRAINING,3,800.0,15.6,0.1016,39.6,0.0528487,118.964
TRAINING,3,315.0,17.4,0.0254,55.5,0.0165706,111.911
TRAINING,3,1000.0,12.7,0.0254,39.6,0.0130253,130.947
TRAINING,3,630.0,7.3,0.2286,71.3,0.0104404,133.768
TRAINING,3,1600.0,15.4,0.0508,31.7,0.0289853,121.485
TRAINING,3,800.0,12.3,0.1016,71.3,0.0337792,127.318
TRAINING,3,2000.0,5.4,0.1524,71.3,0.00401199,131.111
TRAINING,3,2500.0,19.7,0.0508,39.6,0.036484,116.184
TRAINING,3,1000.0,15.4,0.0508,31.7,0.0289853,124.525
TRAINING,9,8000.0,4.8,0.0254,39.6,9.07475E-4,131.346
TRAINING,3,1000.0,6.7,0.1016,71.3,0.00478288,136.758
TRAINING,3,500.0,4.0,0.2286,55.5,0.0042862,127.314
TRAINING,3,2000.0,4.0,0.3048,39.6,0.00579636,120.963
TRAINING,3,1600.0,0.0,0.0508,39.6,7.91822E-4,130.908
TRAINING,3,250.0,17.4,0.0254,71.3,0.016104,113.796
TRAINING,3,2500.0,7.3,0.2286,31.7,0.0132672,114.709
TRAINING,3,500.0,12.3,0.1016,71.3,0.0337792,140.158
TRAINING,3,2500.0,4.8,0.0254,39.6,9.07475E-4,131.236
TRAINING,3,315.0,9.9,0.1524,39.6,0.0233328,128.595
TRAINING,9,8000.0,2.7,0.1524,39.6,0.00294804,116.659
TRAINING,5,16000.0,0.0,0.2286,71.3,0.00214345,114.984
TRAINING,3,800.0,0.0,0.3048,55.5,0.00283081,128.086
TRAINING,9,4000.0,8.4,0.0508,39.6,0.00566229,118.955
TRAINING,9,4000.0,9.5,0.0254,31.7,0.00461377,126.736
TRAINING,3,1000.0,9.5,0.0254,39.6,0.00449821,130.374
TRAINING,3,630.0,8.9,0.1016,39.6,0.0124596,131.92
TRAINING,3,1000.0,12.3,0.1016,31.7,0.0418756,119.777
TRAINING,5,10000.0,0.0,0.1016,39.6,0.00146332,119.561
TRAINING,5,12500.0,0.0,0.0254,71.3,4.00682E-4,133.207
TRAINING,3,2000.0,8.9,0.1016,71.3,0.0103088,124.233
TRAINING,3,630.0,4.0,0.3048,39.6,0.00579636,131.073
TRAINING,3,1000.0,5.3,0.2286,39.6,0.00614329,125.581
TRAINING,3,1000.0,9.5,0.0254,71.3,0.00420654,129.556
TRAINING,9,6300.0,1.5,0.3048,39.6,0.00392107,114.751
TRAINING,3,630.0,0.0,0.1016,31.7,0.00150092,126.413
TRAINING,3,3150.0,0.0,0.2286,31.7,0.0027238,123.445
TRAINING,3,315.0,1.5,0.3048,39.6,0.00392107,121.851
TRAINING,9,6300.0,3.0,0.3048,55.5,0.00452492,115.679
TRAINING,3,800.0,5.4,0.1524,31.7,0.00525474,131.491
TRAINING,5,20000.0,4.8,0.0254,71.3,8.48633E-4,119.708
TRAINING,3,2000.0,4.8,0.0254,71.3,8.48633E-4,128.398
TRAINING,3,3150.0,4.0,0.2286,39.6,0.00473801,120.419
TRAINING,3,3150.0,9.5,0.0254,71.3,0.00420654,136.166
TRAINING,3,2000.0,2.7,0.1524,71.3,0.00243851,130.114
TRAINING,9,8000.0,3.0,0.3048,71.3,0.00425727,114.634
TRAINING,3,315.0,12.6,0.1524,71.3,0.0483159,128.484
TRAINING,3,800.0,3.0,0.3048,71.3,0.00425727,129.494
TRAINING,9,4000.0,9.9,0.1524,39.6,0.0233328,112.265
TRAINING,9,4000.0,12.3,0.1016,71.3,0.0337792,118.018
TRAINING,3,1250.0,12.3,0.1016,31.7,0.0418756,118.767
TRAINING,9,6300.0,3.3,0.1016,55.5,0.002211,123.839
TRAINING,3,250.0,8.9,0.1016,39.6,0.0124596,134.34
TRAINING,3,500.0,0.0,0.2286,31.7,0.0027238,126.675
TRAINING,3,315.0,19.7,0.0508,71.3,0.0341183,121.235
TRAINING,3,1250.0,0.0,0.2286,55.5,0.00229336,127.91
TRAINING,9,4000.0,7.3,0.2286,71.3,0.0104404,119.208
TRAINING,3,2500.0,0.0,0.3048,71.3,0.00266337,125.571
TRAINING,9,8000.0,4.0,0.3048,71.3,0.00497773,113.665
TRAINING,3,2500.0,1.5,0.3048,71.3,0.00336729,124.512
TRAINING,3,1600.0,5.4,0.1524,55.5,0.00433288,130.567
TRAINING,3,1250.0,3.3,0.1016,55.5,0.002211,132.769
TRAINING,3,2000.0,0.0,0.1016,55.5,0.00131983,132.54
TRAINING,3,250.0,9.5,0.0254,39.6,0.00449821,116.924
TRAINING,3,200.0,7.3,0.2286,55.5,0.0111706,135.234
TRAINING,3,3150.0,5.4,0.1524,31.7,0.00525474,118.291
TRAINING,5,10000.0,3.3,0.1016,71.3,0.00202822,116.694
TRAINING,3,3150.0,0.0,0.0254,39.6,4.28464E-4,133.276
TRAINING,3,1250.0,12.3,0.1016,39.6,0.0408268,121.165
TRAINING,9,4000.0,0.0,0.1524,31.7,0.00209405,123.807
TRAINING,5,20000.0,4.0,0.2286,71.3,0.00400603,109.638
TRAINING,9,5000.0,15.4,0.0508,71.3,0.0264269,119.135
TRAINING,9,4000.0,0.0,0.3048,39.6,0.00310138,119.229
TRAINING,3,1600.0,9.9,0.1524,31.7,0.0252785,117.119
TRAINING,3,1250.0,2.7,0.1524,39.6,0.00294804,130.829
TRAINING,9,4000.0,0.0,0.0254,55.5,4.1229E-4,133.223
TRAINING,9,4000.0,4.0,0.3048,71.3,0.00497773,119.535
TRAINING,3,800.0,19.7,0.0508,39.6,0.036484,119.174
TRAINING,9,5000.0,5.4,0.1524,71.3,0.00401199,120.061
TRAINING,9,4000.0,2.0,0.2286,31.7,0.00372371,120.527
TRAINING,3,1250.0,9.9,0.1524,55.5,0.0208438,121.635
TRAINING,9,4000.0,3.3,0.1016,55.5,0.002211,127.229
TRAINING,9,5000.0,2.7,0.1524,39.6,0.00294804,121.499
TRAINING,9,4000.0,4.8,0.0254,39.6,9.07475E-4,134.996
TRAINING,3,315.0,0.0,0.2286,39.6,0.00253511,121.055
TRAINING,3,250.0,15.6,0.1016,71.3,0.0437259,132.158
TRAINING,3,1600.0,2.7,0.1524,71.3,0.00243851,130.644
TRAINING,9,4000.0,12.6,0.1524,39.6,0.0584113,104.5
TRAINING,3,630.0,9.5,0.0254,55.5,0.0043284,125.452
TRAINING,3,1250.0,2.7,0.1524,71.3,0.00243851,130.144
TRAINING,3,800.0,4.0,0.2286,31.7,0.00509068,130.869
TRAINING,3,400.0,9.9,0.1524,31.7,0.0252785,128.939
TRAINING,9,6300.0,5.4,0.1524,55.5,0.00433288,117.287
TRAINING,9,6300.0,4.2,0.0508,71.3,0.00142788,129.308
TRAINING,3,3150.0,17.4,0.0254,31.7,0.0176631,123.466
TRAINING,9,5000.0,2.0,0.2286,71.3,0.00293031,122.816
TRAINING,9,5000.0,4.8,0.0254,31.7,9.30789E-4,135.248
TRAINING,3,1250.0,19.7,0.0508,39.6,0.036484,118.634
TRAINING,3,1600.0,0.0,0.1016,31.7,0.00150092,133.553
TRAINING,3,800.0,3.3,0.1016,39.6,0.00245138,129.991
TRAINING,3,2000.0,8.4,0.0508,55.5,0.00544854,133.042
TRAINING,3,400.0,5.3,0.2286,39.6,0.00614329,131.221
TRAINING,3,800.0,9.9,0.1524,55.5,0.0208438,126.565
TRAINING,3,1600.0,15.6,0.1016,71.3,0.0437259,121.528
TRAINING,3,1250.0,8.4,0.0508,31.7,0.00580776,130.156
TRAINING,9,6300.0,4.0,0.2286,55.5,0.0042862,117.154
TRAINING,9,6300.0,12.7,0.0254,71.3,0.0121808,125.398
TRAINING,3,400.0,0.0,0.3048,31.7,0.00331266,125.045
TRAINING,3,630.0,17.4,0.0254,71.3,0.016104,122.606
TRAINING,3,1250.0,8.4,0.0508,71.3,0.00529514,132.086
TRAINING,3,800.0,12.7,0.0254,39.6,0.0130253,130.217
TRAINING,9,5000.0,12.3,0.1016,39.6,0.0408268,108.625
TRAINING,3,1250.0,6.7,0.1016,39.6,0.00578076,132.395
TRAINING,3,400.0,9.5,0.0254,55.5,0.0043284,120.952
TRAINING,3,500.0,19.7,0.0508,71.3,0.0341183,126.995
TRAINING,3,630.0,7.2,0.1524,71.3,0.00752039,134.853
TRAINING,3,2000.0,7.2,0.1524,71.3,0.00752039,128.643
TRAINING,9,6300.0,15.4,0.0508,55.5,0.0271925,112.93
TRAINING,3,1600.0,9.9,0.1524,39.6,0.0233328,118.545
TRAINING,3,1600.0,0.0,0.1016,55.5,0.00131983,132.05
TRAINING,3,315.0,5.4,0.1524,39.6,0.00485029,125.347
TRAINING,3,3150.0,0.0,0.2286,39.6,0.00253511,124.625
TRAINING,3,2500.0,7.2,0.1524,39.6,0.00909175,117.478
TRAINING,3,630.0,3.0,0.3048,39.6,0.00495741,129.292
TRAINING,3,2500.0,15.4,0.0508,71.3,0.0264269,127.625
TRAINING,3,1000.0,2.7,0.1524,71.3,0.00243851,128.774
TRAINING,3,1600.0,0.0,0.1524,55.5,0.00172668,130.183
TRAINING,9,4000.0,4.0,0.2286,31.7,0.00509068,118.859
TRAINING,3,3150.0,2.0,0.2286,39.6,0.00346574,121.627
TRAINING,3,200.0,19.7,0.0508,39.6,0.036484,125.974
TRAINING,3,200.0,15.4,0.0508,55.5,0.0271925,122.94
TRAINING,3,1250.0,15.6,0.1016,39.6,0.0528487,118.214
TRAINING,3,1000.0,4.0,0.2286,31.7,0.00509068,129.869
TRAINING,9,6300.0,0.0,0.3048,39.6,0.00310138,116.229
TRAINING,3,400.0,22.2,0.0254,39.6,0.0229028,123.416
TRAINING,5,10000.0,0.0,0.3048,39.6,0.00310138,112.139
TRAINING,3,500.0,2.0,0.2286,39.6,0.00346574,125.157
TRAINING,3,1250.0,4.0,0.2286,71.3,0.00400603,131.718
TRAINING,3,400.0,12.7,0.0254,71.3,0.0121808,125.048
TRAINING,3,400.0,0.0,0.2286,39.6,0.00253511,123.565
TRAINING,9,4000.0,0.0,0.1524,71.3,0.0015988,128.857
TRAINING,3,2500.0,8.9,0.1016,71.3,0.0103088,123.623
TRAINING,3,400.0,5.4,0.1524,31.7,0.00525474,127.781
TRAINING,5,16000.0,2.7,0.1524,71.3,0.00243851,110.364
TRAINING,3,500.0,17.4,0.0254,55.5,0.0165706,119.621
TRAINING,3,400.0,3.0,0.3048,71.3,0.00425727,127.564
TRAINING,9,5000.0,4.2,0.0508,71.3,0.00142788,132.828
TRAINING,3,500.0,15.4,0.0508,71.3,0.0264269,127.285
TRAINING,9,4000.0,22.2,0.0254,71.3,0.0214178,123.917
TRAINING,3,1600.0,0.0,0.2286,71.3,0.00214345,129.134
TRAINING,3,250.0,15.4,0.0508,71.3,0.0264269,124.835
TRAINING,3,1000.0,0.0,0.3048,39.6,0.00310138,127.899
TRAINING,3,250.0,7.3,0.2286,71.3,0.0104404,139.918
TRAINING,3,1250.0,0.0,0.1524,55.5,0.00172668,129.953
TRAINING,3,2000.0,11.2,0.0508,71.3,0.014072,133.311
TRAINING,3,2000.0,7.3,0.2286,39.6,0.0123481,117.809
TRAINING,3,500.0,22.2,0.0254,71.3,0.0214178,117.967
TRAINING,3,500.0,15.4,0.0508,31.7,0.0289853,123.695
TRAINING,3,800.0,17.4,0.0254,55.5,0.0165706,123.091
TRAINING,3,1000.0,15.4,0.0508,71.3,0.0264269,131.865
TRAINING,3,1000.0,3.0,0.3048,71.3,0.00425727,129.004
TRAINING,3,1250.0,3.3,0.1016,71.3,0.00202822,132.304
TRAINING,3,2500.0,9.9,0.1524,31.7,0.0252785,114.729
TRAINING,3,250.0,7.3,0.2286,55.5,0.0111706,136.384
TRAINING,3,500.0,0.0,0.1524,31.7,0.00209405,121.617
TRAINING,3,1000.0,4.2,0.0508,39.6,0.00152689,125.647
TRAINING,3,2500.0,5.4,0.1524,31.7,0.00525474,119.151
TRAINING,9,5000.0,1.5,0.3048,71.3,0.00336729,119.632
TRAINING,9,6300.0,0.0,0.2286,55.5,0.00229336,118.41
TRAINING,3,1000.0,9.9,0.1524,55.5,0.0208438,124.665
TRAINING,3,1000.0,12.3,0.1016,55.5,0.0368233,125.484
TRAINING,3,630.0,0.0,0.1016,39.6,0.00146332,125.401
TRAINING,3,1000.0,2.0,0.2286,71.3,0.00293031,128.956
TRAINING,9,6300.0,2.0,0.2286,71.3,0.00293031,120.786
TRAINING,9,4000.0,0.0,0.0508,55.5,7.6193E-4,134.946
TRAINING,3,800.0,12.6,0.1524,39.6,0.0584113,116.56
TRAINING,3,800.0,1.5,0.3048,71.3,0.00336729,127.122
TRAINING,3,315.0,3.0,0.3048,39.6,0.00495741,123.312
TRAINING,3,1000.0,8.9,0.1016,71.3,0.0103088,135.433
TRAINING,3,1250.0,0.0,0.2286,39.6,0.00253511,129.395
TRAINING,3,800.0,6.7,0.1016,55.5,0.0052139,135.953
TRAINING,3,3150.0,17.4,0.0254,71.3,0.016104,126.536
TRAINING,3,3150.0,8.4,0.0508,39.6,0.00566229,123.965
TRAINING,3,1600.0,8.4,0.0508,39.6,0.00566229,130.965
TRAINING,3,2500.0,5.3,0.2286,39.6,0.00614329,116.151
TRAINING,3,3150.0,12.6,0.1524,39.6,0.0584113,106.26
TRAINING,3,1250.0,2.0,0.2286,55.5,0.00313525,128.762
TRAINING,3,250.0,12.3,0.1016,71.3,0.0337792,131.568
TRAINING,9,6300.0,9.9,0.1524,71.3,0.0193001,112.039
TRAINING,3,800.0,9.9,0.1524,71.3,0.0193001,128.879
TRAINING,3,2000.0,4.2,0.0508,71.3,0.00142788,129.848
TRAINING,9,6300.0,0.0,0.2286,39.6,0.00253511,117.465
TRAINING,3,2500.0,17.4,0.0254,39.6,0.0172206,124.154
TRAINING,3,2000.0,0.0,0.3048,71.3,0.00266337,127.461
TRAINING,3,800.0,9.5,0.0254,39.6,0.00449821,129.014
TRAINING,9,5000.0,8.9,0.1016,39.6,0.0124596,113.08
TRAINING,3,500.0,2.0,0.2286,55.5,0.00313525,124.692
TRAINING,3,1600.0,3.0,0.3048,55.5,0.00452492,124.439
TRAINING,3,1250.0,0.0,0.1524,71.3,0.0015988,128.927
TRAINING,3,630.0,0.0,0.1524,55.5,0.00172668,123.583
TRAINING,9,4000.0,8.9,0.1016,71.3,0.0103088,120.243
TRAINING,3,2000.0,3.0,0.3048,55.5,0.00452492,123.069
TRAINING,3,1250.0,0.0,0.1524,31.7,0.00209405,131.467
TRAINING,3,400.0,7.3,0.2286,39.6,0.0123481,132.039
TRAINING,5,10000.0,0.0,0.0508,39.6,7.91822E-4,125.998
TRAINING,3,400.0,8.4,0.0508,31.7,0.00580776,120.076
TRAINING,3,1250.0,7.3,0.2286,31.7,0.0132672,120.509
TRAINING,3,2500.0,3.0,0.3048,39.6,0.00495741,120.162
TRAINING,3,2500.0,9.5,0.0254,39.6,0.00449821,131.234
TRAINING,3,1600.0,12.3,0.1016,39.6,0.0408268,117.875
TRAINING,3,3150.0,1.5,0.3048,39.6,0.00392107,119.111
TRAINING,3,1600.0,7.3,0.2286,55.5,0.0111706,123.354
TRAINING,9,4000.0,0.0,0.0254,71.3,4.00682E-4,138.557
TRAINING,3,500.0,8.4,0.0508,31.7,0.00580776,122.966
TRAINING,3,800.0,11.2,0.0508,71.3,0.014072,136.031
TRAINING,3,200.0,17.4,0.0254,31.7,0.0176631,116.146
TRAINING,3,2500.0,2.7,0.1524,39.6,0.00294804,125.589
TRAINING,3,2500.0,15.6,0.1016,71.3,0.0437259,118.998
TRAINING,9,6300.0,12.3,0.1016,55.5,0.0368233,110.124
TRAINING,9,6300.0,9.5,0.0254,31.7,0.00461377,120.726
TRAINING,3,2000.0,15.6,0.1016,39.6,0.0528487,110.894
TRAINING,3,3150.0,9.9,0.1524,71.3,0.0193001,116.849
TRAINING,3,1000.0,0.0,0.0508,55.5,7.6193E-4,125.586
TRAINING,3,1250.0,0.0,0.0508,55.5,7.6193E-4,127.076
TRAINING,3,630.0,12.3,0.1016,71.3,0.0337792,135.368
TRAINING,3,1250.0,5.4,0.1524,55.5,0.00433288,130.777
TRAINING,3,630.0,5.4,0.1524,71.3,0.00401199,128.971
TRAINING,3,500.0,8.9,0.1016,39.6,0.0124596,133.79
TRAINING,3,3150.0,8.4,0.0508,31.7,0.00580776,122.086
TRAINING,3,2000.0,2.0,0.2286,31.7,0.00372371,123.037
TRAINING,3,1250.0,3.0,0.3048,31.7,0.00529514,124.838
TRAINING,3,315.0,0.0,0.2286,55.5,0.00229336,119.54
TRAINING,9,8000.0,1.5,0.3048,39.6,0.00392107,112.251
TRAINING,3,800.0,4.0,0.3048,71.3,0.00497773,131.755
TRAINING,3,1000.0,7.3,0.2286,39.6,0.0123481,122.539
TRAINING,9,8000.0,4.8,0.0254,31.7,9.30789E-4,127.008
TRAINING,3,315.0,9.9,0.1524,55.5,0.0208438,132.355
TRAINING,3,400.0,9.9,0.1524,55.5,0.0208438,131.605
TRAINING,3,630.0,8.4,0.0508,55.5,0.00544854,126.152
TRAINING,3,630.0,7.3,0.2286,55.5,0.0111706,130.934
TRAINING,3,400.0,4.0,0.3048,39.6,0.00579636,128.633
TRAINING,9,5000.0,7.3,0.2286,31.7,0.0132672,111.029
TRAINING,3,200.0,12.3,0.1016,55.5,0.0368233,132.304
TRAINING,3,1600.0,5.3,0.2286,39.6,0.00614329,123.081
TRAINING,3,400.0,6.7,0.1016,39.6,0.00578076,128.295
TRAINING,3,1600.0,0.0,0.2286,55.5,0.00229336,126.79
TRAINING,3,630.0,15.4,0.0508,71.3,0.0264269,129.645
TRAINING,3,630.0,6.7,0.1016,55.5,0.0052139,133.023
TRAINING,3,800.0,2.0,0.2286,31.7,0.00372371,130.307
TRAINING,3,400.0,7.2,0.1524,71.3,0.00752039,130.123
TRAINING,3,2500.0,5.4,0.1524,55.5,0.00433288,124.077
TRAINING,3,1600.0,22.2,0.0254,71.3,0.0214178,131.817
TRAINING,3,1600.0,0.0,0.3048,31.7,0.00331266,122.365
TRAINING,3,200.0,15.6,0.1016,39.6,0.0528487,123.514
TRAINING,9,5000.0,0.0,0.0254,71.3,4.00682E-4,136.837
TRAINING,3,2500.0,5.4,0.1524,39.6,0.00485029,120.497
TRAINING,3,3150.0,8.4,0.0508,71.3,0.00529514,131.966
TRAINING,3,500.0,0.0,0.1524,39.6,0.00193287,119.513
TRAINING,9,8000.0,17.4,0.0254,71.3,0.016104,115.466
TRAINING,3,2000.0,1.5,0.3048,71.3,0.00336729,126.642
TRAINING,3,400.0,15.6,0.1016,71.3,0.0437259,134.058
TRAINING,3,1600.0,4.0,0.2286,31.7,0.00509068,125.229
TRAINING,9,4000.0,19.7,0.0508,71.3,0.0341183,113.045
TRAINING,3,3150.0,5.4,0.1524,71.3,0.00401199,123.311
TRAINING,3,1000.0,5.4,0.1524,39.6,0.00485029,130.507
TRAINING,3,1000.0,0.0,0.0254,31.7,4.39472E-4,125.127
TRAINING,9,5000.0,0.0,0.3048,39.6,0.00310138,117.789
TRAINING,3,800.0,0.0,0.0508,31.7,8.12164E-4,122.79
TRAINING,3,1000.0,15.4,0.0508,39.6,0.0282593,127.893
TRAINING,3,1600.0,2.7,0.1524,39.6,0.00294804,130.049
TRAINING,9,8000.0,3.0,0.3048,39.6,0.00495741,110.652
TRAINING,9,4000.0,0.0,0.1524,55.5,0.00172668,127.233
TRAINING,3,500.0,22.2,0.0254,39.6,0.0229028,129.776
TRAINING,3,315.0,9.5,0.0254,31.7,0.00461377,122.766
TRAINING,3,3150.0,0.0,0.1016,55.5,0.00131983,131.78
TRAINING,3,400.0,9.5,0.0254,39.6,0.00449821,121.154
TRAINING,5,16000.0,4.8,0.0254,71.3,8.48633E-4,124.208
TRAINING,9,6300.0,9.9,0.1524,31.7,0.0252785,108.689
TRAINING,9,5000.0,9.9,0.1524,39.6,0.0233328,111.135
TRAINING,9,5000.0,12.7,0.0254,71.3,0.0121808,128.978
TRAINING,3,3150.0,0.0,0.3048,55.5,0.00283081,123.236
TRAINING,3,500.0,5.4,0.1524,55.5,0.00433288,129.367
TRAINING,3,2000.0,12.3,0.1016,55.5,0.0368233,118.564
TRAINING,3,315.0,2.0,0.2286,39.6,0.00346574,120.137
TRAINING,9,4000.0,3.3,0.1016,71.3,0.00202822,128.704
TRAINING,3,250.0,9.9,0.1524,39.6,0.0233328,128.335
TRAINING,3,1000.0,0.0,0.1016,55.5,0.00131983,129.8
TRAINING,3,800.0,4.0,0.2286,55.5,0.0042862,131.864
TRAINING,3,1600.0,5.3,0.2286,71.3,0.0051942,130.46
TRAINING,3,400.0,5.4,0.1524,55.5,0.00433288,126.807
TRAINING,3,500.0,3.0,0.3048,71.3,0.00425727,128.454
TRAINING,9,6300.0,8.9,0.1016,39.6,0.0124596,113.11
TRAINING,3,2000.0,9.9,0.1524,39.6,0.0233328,117.925
TRAINING,3,2000.0,17.4,0.0254,39.6,0.0172206,126.644
TRAINING,3,3150.0,4.8,0.0254,31.7,9.30789E-4,134.268
TRAINING,3,2000.0,2.7,0.1524,39.6,0.00294804,128.139
TRAINING,3,1600.0,0.0,0.3048,39.6,0.00310138,124.049
TRAINING,9,4000.0,5.3,0.2286,71.3,0.0051942,120.33
TRAINING,9,5000.0,3.0,0.3048,31.7,0.00529514,113.858
TRAINING,3,315.0,15.4,0.0508,39.6,0.0282593,124.493
TRAINING,9,6300.0,2.0,0.2286,39.6,0.00346574,116.417
TRAINING,9,4000.0,2.0,0.2286,55.5,0.00313525,122.232
TRAINING,3,630.0,0.0,0.3048,31.7,0.00331266,129.095
TRAINING,3,2500.0,4.0,0.3048,39.6,0.00579636,120.233
TRAINING,3,500.0,19.7,0.0508,39.6,0.036484,128.444
TRAINING,3,3150.0,0.0,0.3048,39.6,0.00310138,120.319
TRAINING,9,6300.0,15.4,0.0508,39.6,0.0282593,109.663
TRAINING,3,3150.0,12.3,0.1016,31.7,0.0418756,110.307
TRAINING,3,250.0,4.0,0.2286,31.7,0.00509068,120.189
TRAINING,9,5000.0,5.4,0.1524,39.6,0.00485029,117.037
TRAINING,3,2000.0,7.2,0.1524,39.6,0.00909175,120.228
TRAINING,9,8000.0,0.0,0.0508,39.6,7.91822E-4,128.518
TRAINING,3,3150.0,2.0,0.2286,71.3,0.00293031,126.116
TRAINING,3,3150.0,12.3,0.1016,55.5,0.0368233,116.914
TRAINING,3,1600.0,15.6,0.1016,39.6,0.0528487,114.554
TRAINING,3,800.0,0.0,0.3048,31.7,0.00331266,129.235
TRAINING,3,1250.0,12.6,0.1524,39.6,0.0584113,112.16
TRAINING,3,630.0,4.0,0.2286,55.5,0.0042862,129.964
TRAINING,3,3150.0,0.0,0.2286,71.3,0.00214345,127.834
TRAINING,9,6300.0,1.5,0.3048,71.3,0.00336729,118.122
TRAINING,3,630.0,7.3,0.2286,39.6,0.0123481,128.929
TRAINING,3,500.0,11.2,0.0508,39.6,0.0150478,131.96
TRAINING,3,1250.0,4.8,0.0254,31.7,9.30789E-4,127.408
TRAINING,5,12500.0,4.0,0.3048,71.3,0.00497773,107.405
TRAINING,5,12500.0,0.0,0.1524,71.3,0.0015988,117.087
TRAINING,3,400.0,2.0,0.2286,31.7,0.00372371,123.417
TRAINING,3,400.0,17.4,0.0254,31.7,0.0176631,120.766
TRAINING,3,800.0,8.4,0.0508,71.3,0.00529514,127.556
TRAINING,3,315.0,4.0,0.3048,71.3,0.00497773,128.175
TRAINING,3,1600.0,17.4,0.0254,55.5,0.0165706,126.471
TRAINING,3,400.0,8.4,0.0508,55.5,0.00544854,121.582
TRAINING,3,800.0,5.4,0.1524,55.5,0.00433288,133.097
TRAINING,9,5000.0,9.5,0.0254,71.3,0.00420654,131.186
TRAINING,3,315.0,15.4,0.0508,31.7,0.0289853,122.845
TRAINING,9,5000.0,12.7,0.0254,39.6,0.0130253,125.107
TRAINING,3,3150.0,0.0,0.1524,55.5,0.00172668,127.753
TRAINING,3,400.0,7.3,0.2286,55.5,0.0111706,135.924
TRAINING,3,315.0,11.2,0.0508,39.6,0.0150478,128.99
TRAINING,3,2500.0,2.7,0.1524,71.3,0.00243851,128.334
TRAINING,9,8000.0,0.0,0.1524,55.5,0.00172668,121.903
TRAINING,3,2500.0,0.0,0.2286,39.6,0.00253511,125.025
TRAINING,9,5000.0,9.9,0.1524,71.3,0.0193001,114.569
TRAINING,3,2500.0,2.0,0.2286,71.3,0.00293031,127.006
TRAINING,3,1600.0,2.0,0.2286,55.5,0.00313525,126.752
TRAINING,3,2000.0,0.0,0.0508,31.7,8.12164E-4,133.01
TRAINING,3,3150.0,7.3,0.2286,39.6,0.0123481,114.309
TRAINING,3,500.0,17.4,0.0254,31.7,0.0176631,127.676
TRAINING,9,5000.0,7.3,0.2286,55.5,0.0111706,113.144
TRAINING,3,315.0,7.3,0.2286,39.6,0.0123481,132.149
TRAINING,3,200.0,11.2,0.0508,71.3,0.014072,125.941
TRAINING,3,3150.0,12.3,0.1016,71.3,0.0337792,120.798
TRAINING,5,10000.0,3.0,0.3048,55.5,0.00452492,112.169
TRAINING,3,3150.0,9.5,0.0254,55.5,0.0043284,133.252
TRAINING,3,1250.0,0.0,0.3048,31.7,0.00331266,124.355
TRAINING,9,8000.0,3.0,0.3048,55.5,0.00452492,113.799
TRAINING,3,2000.0,4.0,0.2286,71.3,0.00400603,126.218
TRAINING,3,500.0,0.0,0.1524,55.5,0.00172668,120.573
TRAINING,3,2500.0,17.4,0.0254,31.7,0.0176631,124.166
TRAINING,3,800.0,15.4,0.0508,55.5,0.0271925,130.43
TRAINING,3,250.0,19.7,0.0508,71.3,0.0341183,119.115
TRAINING,5,10000.0,0.0,0.1524,39.6,0.00193287,115.413
TRAINING,3,200.0,12.3,0.1016,31.7,0.0418756,124.987
TRAINING,3,800.0,2.0,0.2286,71.3,0.00293031,128.216
TRAINING,3,2000.0,15.4,0.0508,39.6,0.0282593,123.443
TRAINING,3,1250.0,12.6,0.1524,71.3,0.0483159,120.154
TRAINING,3,1600.0,0.0,0.0254,39.6,4.28464E-4,124.156
TRAINING,3,315.0,12.3,0.1016,31.7,0.0418756,124.717
TRAINING,3,200.0,15.4,0.0508,71.3,0.0264269,123.595
TRAINING,9,5000.0,4.0,0.3048,39.6,0.00579636,113.733
TRAINING,3,3150.0,17.4,0.0254,39.6,0.0172206,123.564
TRAINING,3,3150.0,0.0,0.1524,39.6,0.00193287,125.603
TRAINING,3,2500.0,3.3,0.1016,31.7,0.00251435,130.392
TRAINING,9,4000.0,7.2,0.1524,71.3,0.00752039,119.343
TRAINING,3,500.0,3.0,0.3048,55.5,0.00452492,128.179
TRAINING,9,5000.0,3.3,0.1016,71.3,0.00202822,127.054
TRAINING,9,5000.0,15.4,0.0508,39.6,0.0282593,114.453
TRAINING,3,2500.0,7.3,0.2286,71.3,0.0104404,122.088
TRAINING,3,1250.0,4.0,0.2286,39.6,0.00473801,128.339
TRAINING,3,315.0,11.2,0.0508,71.3,0.014072,128.381
TRAINING,3,1250.0,0.0,0.3048,55.5,0.00283081,126.086
TRAINING,3,200.0,15.4,0.0508,39.6,0.0282593,121.783
TRAINING,9,8000.0,3.3,0.1016,31.7,0.00251435,117.432
TRAINING,9,5000.0,2.0,0.2286,39.6,0.00346574,118.827
TRAINING,9,4000.0,0.0,0.1524,39.6,0.00193287,125.343
TRAINING,3,3150.0,2.7,0.1524,71.3,0.00243851,127.054
TRAINING,9,5000.0,12.6,0.1524,71.3,0.0483159,108.034
TRAINING,3,2500.0,17.4,0.0254,71.3,0.016104,126.746
TRAINING,3,400.0,17.4,0.0254,55.5,0.0165706,115.461
TRAINING,3,2000.0,3.0,0.3048,39.6,0.00495741,120.532
TRAINING,3,630.0,19.7,0.0508,39.6,0.036484,120.324
TRAINING,9,5000.0,15.4,0.0508,31.7,0.0289853,112.355
TRAINING,5,10000.0,0.0,0.0508,31.7,8.12164E-4,122.45
TRAINING,9,5000.0,0.0,0.0508,31.7,8.12164E-4,133.23
TRAINING,3,500.0,9.9,0.1524,39.6,0.0233328,126.835
TRAINING,9,6300.0,0.0,0.3048,71.3,0.00266337,119.541
TRAINING,3,800.0,7.3,0.2286,55.5,0.0111706,128.444
TRAINING,9,6300.0,3.0,0.3048,39.6,0.00495741,114.042
TRAINING,9,8000.0,4.0,0.2286,39.6,0.00473801,113.129
TRAINING,3,800.0,17.4,0.0254,71.3,0.016104,124.276
TRAINING,3,250.0,12.3,0.1016,31.7,0.0418756,125.857
TRAINING,9,6300.0,0.0,0.0508,39.6,7.91822E-4,131.918
TRAINING,3,1250.0,5.4,0.1524,39.6,0.00485029,127.117
TRAINING,3,2000.0,0.0,0.2286,55.5,0.00229336,126.54
TRAINING,5,20000.0,0.0,0.0254,71.3,4.00682E-4,123.217
TRAINING,9,8000.0,4.2,0.0508,39.6,0.00152689,120.397
TRAINING,3,400.0,4.0,0.2286,39.6,0.00473801,123.879
TRAINING,9,6300.0,5.3,0.2286,39.6,0.00614329,112.541
TRAINING,3,1600.0,12.3,0.1016,55.5,0.0368233,121.824
TRAINING,3,1000.0,7.2,0.1524,71.3,0.00752039,134.273
TRAINING,3,2500.0,0.0,0.2286,71.3,0.00214345,128.354
TRAINING,9,4000.0,1.5,0.3048,39.6,0.00392107,117.741
TRAINING,3,3150.0,12.7,0.0254,39.6,0.0130253,127.847
TRAINING,9,4000.0,17.4,0.0254,31.7,0.0176631,121.996
TRAINING,3,1600.0,4.2,0.0508,71.3,0.00142788,124.318
TRAINING,3,2500.0,0.0,0.0508,39.6,7.91822E-4,134.938
TRAINING,3,1600.0,17.4,0.0254,71.3,0.016104,126.406
TRAINING,3,2500.0,17.4,0.0254,55.5,0.0165706,124.931
TRAINING,9,6300.0,12.3,0.1016,39.6,0.0408268,107.985
TRAINING,9,8000.0,12.7,0.0254,71.3,0.0121808,120.538
TRAINING,3,400.0,3.0,0.3048,39.6,0.00495741,125.472
TRAINING,3,630.0,9.9,0.1524,39.6,0.0233328,126.465
TRAINING,3,2000.0,0.0,0.0254,55.5,4.1229E-4,127.623
TRAINING,3,500.0,4.0,0.2286,71.3,0.00400603,126.758
TRAINING,3,500.0,0.0,0.2286,39.6,0.00253511,126.195
TRAINING,3,2000.0,12.6,0.1524,71.3,0.0483159,117.504
TRAINING,3,2500.0,5.3,0.2286,71.3,0.0051942,123.74
TRAINING,3,200.0,12.3,0.1016,71.3,0.0337792,130.588
TRAINING,3,315.0,6.7,0.1016,31.7,0.00592927,126.266
TRAINING,3,2500.0,9.9,0.1524,71.3,0.0193001,119.639
TRAINING,3,630.0,8.4,0.0508,31.7,0.00580776,125.856
TRAINING,9,4000.0,11.2,0.0508,39.6,0.0150478,115.52
TRAINING,5,10000.0,0.0,0.0254,31.7,4.39472E-4,134.227
TRAINING,3,630.0,15.4,0.0508,31.7,0.0289853,124.685
TRAINING,5,16000.0,0.0,0.1524,71.3,0.0015988,113.297
TRAINING,3,2000.0,12.3,0.1016,71.3,0.0337792,122.218
TRAINING,3,200.0,15.6,0.1016,71.3,0.0437259,130.898
TRAINING,3,800.0,4.0,0.2286,71.3,0.00400603,130.688
TRAINING,3,500.0,0.0,0.2286,55.5,0.00229336,123.78
TRAINING,3,315.0,4.0,0.2286,31.7,0.00509068,123.609
TRAINING,3,800.0,4.8,0.0254,31.7,9.30789E-4,122.648
TRAINING,3,400.0,12.3,0.1016,55.5,0.0368233,136.414
TRAINING,3,1250.0,11.2,0.0508,71.3,0.014072,136.191
TRAINING,3,3150.0,3.3,0.1016,39.6,0.00245138,128.401
TRAINING,9,8000.0,7.2,0.1524,39.6,0.00909175,111.588
TRAINING,3,1600.0,0.0,0.3048,71.3,0.00266337,127.591
TRAINING,3,2000.0,4.8,0.0254,39.6,9.07475E-4,128.916
TRAINING,3,1600.0,2.0,0.2286,71.3,0.00293031,127.796
TRAINING,9,4000.0,0.0,0.1016,71.3,0.00121072,130.935
TRAINING,3,1000.0,0.0,0.3048,31.7,0.00331266,127.365
TRAINING,9,8000.0,0.0,0.1016,39.6,0.00146332,122.341
TRAINING,9,6300.0,0.0,0.2286,71.3,0.00214345,122.044
TRAINING,3,800.0,0.0,0.1524,71.3,0.0015988,125.817
TRAINING,3,250.0,9.5,0.0254,31.7,0.00461377,120.136
TRAINING,3,3150.0,0.0,0.0254,55.5,4.1229E-4,130.503
TRAINING,3,2500.0,5.4,0.1524,71.3,0.00401199,127.591
TRAINING,3,1250.0,0.0,0.2286,31.7,0.0027238,128.805
TRAINING,3,315.0,0.0,0.2286,31.7,0.0027238,120.595
TRAINING,3,200.0,7.3,0.2286,31.7,0.0132672,128.679
TRAINING,9,4000.0,12.7,0.0254,71.3,0.0121808,131.808
TRAINING,3,3150.0,0.0,0.3048,31.7,0.00331266,119.135
TRAINING,9,6300.0,9.9,0.1524,39.6,0.0233328,109.885
TRAINING,3,1000.0,3.0,0.3048,31.7,0.00529514,126.838
TRAINING,9,4000.0,3.0,0.3048,31.7,0.00529514,115.608
TRAINING,3,800.0,8.4,0.0508,55.5,0.00544854,128.562
TRAINING,3,1000.0,4.0,0.2286,55.5,0.0042862,132.134
TRAINING,3,1000.0,15.4,0.0508,55.5,0.0271925,130.4
TRAINING,3,400.0,4.0,0.2286,31.7,0.00509068,126.149
TRAINING,3,200.0,8.9,0.1016,71.3,0.0103088,133.503
TRAINING,3,400.0,8.4,0.0508,39.6,0.00566229,120.015
TRAINING,3,1000.0,17.4,0.0254,71.3,0.016104,125.816
TRAINING,3,1250.0,5.4,0.1524,31.7,0.00525474,123.991
TRAINING,3,1600.0,0.0,0.3048,55.5,0.00283081,126.986
TRAINING,5,10000.0,4.8,0.0254,71.3,8.48633E-4,127.398
TRAINING,3,1000.0,3.0,0.3048,55.5,0.00452492,129.329
TRAINING,3,3150.0,11.2,0.0508,71.3,0.014072,127.141
TRAINING,3,2500.0,4.0,0.2286,55.5,0.0042862,122.384
TRAINING,3,2500.0,0.0,0.1524,55.5,0.00172668,127.763
TRAINING,3,800.0,8.9,0.1016,39.6,0.0124596,130.94
TRAINING,5,10000.0,4.2,0.0508,39.6,0.00152689,116.967
TRAINING,9,6300.0,7.3,0.2286,71.3,0.0104404,115.818
TRAINING,9,6300.0,12.6,0.1524,39.6,0.0584113,103.38
TRAINING,3,3150.0,9.9,0.1524,39.6,0.0233328,113.525
TRAINING,3,1250.0,0.0,0.1016,55.5,0.00131983,131.43
TRAINING,3,400.0,6.7,0.1016,31.7,0.00592927,128.296
TRAINING,9,4000.0,12.7,0.0254,39.6,0.0130253,126.537
TRAINING,9,6300.0,15.4,0.0508,71.3,0.0264269,115.215
TRAINING,3,630.0,17.4,0.0254,31.7,0.0176631,136.886
TRAINING,3,630.0,2.0,0.2286,55.5,0.00313525,126.842
TRAINING,9,5000.0,3.3,0.1016,55.5,0.002211,124.839
TRAINING,3,800.0,2.0,0.2286,55.5,0.00313525,128.492
TRAINING,9,4000.0,0.0,0.1016,39.6,0.00146332,127.801
TRAINING,9,6300.0,7.3,0.2286,39.6,0.0123481,110.839
TRAINING,3,1250.0,7.3,0.2286,39.6,0.0123481,123.189
TRAINING,3,1250.0,7.2,0.1524,39.6,0.00909175,122.428
TRAINING,5,16000.0,0.0,0.0254,31.7,4.39472E-4,125.627
TRAINING,3,630.0,3.3,0.1016,55.5,0.002211,126.599
TRAINING,9,6300.0,17.4,0.0254,55.5,0.0165706,114.861
TRAINING,9,4000.0,8.4,0.0508,55.5,0.00544854,122.612
TRAINING,3,250.0,17.4,0.0254,39.6,0.0172206,114.714
TRAINING,5,10000.0,0.0,0.1016,31.7,0.00150092,115.893
TRAINING,3,1000.0,2.7,0.1524,39.6,0.00294804,130.589
TRAINING,3,800.0,7.3,0.2286,71.3,0.0104404,130.748
TRAINING,3,1600.0,15.4,0.0508,71.3,0.0264269,130.065
TRAINING,9,4000.0,0.0,0.3048,55.5,0.00283081,121.106
TRAINING,3,630.0,9.5,0.0254,39.6,0.00449821,126.514
TRAINING,3,3150.0,0.0,0.0508,55.5,7.6193E-4,134.826
TRAINING,3,630.0,4.0,0.3048,71.3,0.00497773,131.615
TRAINING,9,6300.0,2.0,0.2286,55.5,0.00313525,118.712
TRAINING,3,2000.0,8.4,0.0508,39.6,0.00566229,129.965
TRAINING,9,6300.0,7.3,0.2286,55.5,0.0111706,111.534
TRAINING,9,8000.0,4.0,0.2286,55.5,0.0042862,112.524
TRAINING,3,630.0,2.0,0.2286,39.6,0.00346574,127.417
TRAINING,3,630.0,7.2,0.1524,39.6,0.00909175,133.198
TRAINING,5,16000.0,1.5,0.3048,71.3,0.00336729,106.582
TRAINING,3,3150.0,3.0,0.3048,31.7,0.00529514,118.108
TRAINING,3,1250.0,8.9,0.1016,71.3,0.0103088,132.793
TRAINING,3,630.0,17.4,0.0254,55.5,0.0165706,122.411
TRAINING,3,800.0,2.7,0.1524,39.6,0.00294804,128.829
TRAINING,3,2500.0,7.2,0.1524,71.3,0.00752039,124.353
TRAINING,5,10000.0,0.0,0.3048,71.3,0.00266337,115.391
TRAINING,9,5000.0,17.4,0.0254,71.3,0.016104,123.126
TRAINING,3,1250.0,3.3,0.1016,31.7,0.00251435,134.022
TRAINING,9,4000.0,11.2,0.0508,71.3,0.014072,122.471
TRAINING,3,500.0,5.3,0.2286,39.6,0.00614329,132.251
TRAINING,3,250.0,9.9,0.1524,31.7,0.0252785,128.559
TRAINING,3,1250.0,2.0,0.2286,31.7,0.00372371,128.677
TRAINING,3,1600.0,4.8,0.0254,39.6,9.07475E-4,125.966
TRAINING,9,5000.0,5.3,0.2286,39.6,0.00614329,115.311
TRAINING,3,500.0,15.4,0.0508,55.5,0.0271925,127.22
TRAINING,3,3150.0,7.2,0.1524,71.3,0.00752039,116.783
TRAINING,3,500.0,8.4,0.0508,55.5,0.00544854,123.742
TRAINING,3,1600.0,7.2,0.1524,71.3,0.00752039,130.893
TRAINING,3,1600.0,3.3,0.1016,55.5,0.002211,133.649
TRAINING,3,2000.0,5.3,0.2286,39.6,0.00614329,117.911
TRAINING,3,1000.0,0.0,0.3048,55.5,0.00283081,126.966
TRAINING,3,315.0,5.4,0.1524,31.7,0.00525474,125.741
TRAINING,9,4000.0,7.3,0.2286,55.5,0.0111706,117.284
TRAINING,9,6300.0,4.8,0.0254,39.6,9.07475E-4,134.336
TRAINING,3,315.0,15.4,0.0508,71.3,0.0264269,126.195
TRAINING,5,10000.0,0.0,0.1016,55.5,0.00131983,121.93
TRAINING,3,1250.0,2.0,0.2286,39.6,0.00346574,128.257
TRAINING,3,2000.0,0.0,0.0508,55.5,7.6193E-4,131.456
TRAINING,9,5000.0,2.0,0.2286,55.5,0.00313525,120.472
TRAINING,9,8000.0,5.3,0.2286,71.3,0.0051942,114.9
TRAINING,3,630.0,5.3,0.2286,71.3,0.0051942,131.8
TRAINING,3,500.0,8.9,0.1016,71.3,0.0103088,138.523
TRAINING,3,500.0,15.4,0.0508,39.6,0.0282593,125.963
TRAINING,3,630.0,3.0,0.3048,55.5,0.00452492,129.569
TRAINING,3,400.0,4.0,0.3048,71.3,0.00497773,129.575
TRAINING,3,630.0,8.4,0.0508,39.6,0.00566229,126.045
TRAINING,5,10000.0,0.0,0.3048,31.7,0.00331266,108.265
TRAINING,5,12500.0,0.0,0.0254,55.5,4.1229E-4,131.453
TRAINING,9,5000.0,0.0,0.1016,31.7,0.00150092,124.393
TRAINING,3,400.0,1.5,0.3048,39.6,0.00392107,124.001
TRAINING,3,1000.0,4.0,0.3048,71.3,0.00497773,131.015
TRAINING,3,630.0,6.7,0.1016,39.6,0.00578076,133.355
TRAINING,9,8000.0,0.0,0.0254,31.7,4.39472E-4,137.207
TRAINING,9,6300.0,12.3,0.1016,71.3,0.0337792,113.958
TRAINING,3,1250.0,12.3,0.1016,71.3,0.0337792,126.648
TRAINING,3,1600.0,4.8,0.0254,55.5,8.73218E-4,121.474
TRAINING,3,315.0,17.4,0.0254,39.6,0.0172206,115.144
TRAINING,3,500.0,6.7,0.1016,31.7,0.00592927,130.206
TRAINING,3,2000.0,4.0,0.2286,55.5,0.0042862,124.254
TRAINING,3,1600.0,0.0,0.1524,31.7,0.00209405,130.817
TRAINING,9,6300.0,7.2,0.1524,71.3,0.00752039,116.603
TRAINING,3,800.0,0.0,0.0508,39.6,7.91822E-4,126.508
TRAINING,3,2000.0,0.0,0.2286,39.6,0.00253511,125.305
TRAINING,3,3150.0,4.0,0.3048,71.3,0.00497773,121.775
TRAINING,3,3150.0,7.3,0.2286,55.5,0.0111706,117.134
TRAINING,3,630.0,22.2,0.0254,71.3,0.0214178,120.657
TRAINING,3,2500.0,4.8,0.0254,31.7,9.30789E-4,132.588
TRAINING,5,10000.0,4.2,0.0508,71.3,0.00142788,121.238
TRAINING,3,250.0,4.0,0.3048,71.3,0.00497773,126.395
TRAINING,3,630.0,12.3,0.1016,55.5,0.0368233,124.244
TRAINING,9,8000.0,12.7,0.0254,39.6,0.0130253,120.607
TRAINING,9,4000.0,4.8,0.0254,71.3,8.48633E-4,134.928
TRAINING,3,2500.0,0.0,0.1524,31.7,0.00209405,125.867
TRAINING,9,8000.0,0.0,0.1524,39.6,0.00193287,120.553
TRAINING,3,2500.0,11.2,0.0508,39.6,0.0150478,122.17
TRAINING,9,5000.0,17.4,0.0254,31.7,0.0176631,117.996
TRAINING,3,500.0,17.4,0.0254,71.3,0.016104,119.806
TRAINING,3,1000.0,0.0,0.0508,39.6,7.91822E-4,127.638
TRAINING,3,2500.0,4.2,0.0508,71.3,0.00142788,131.978
TRAINING,3,630.0,5.4,0.1524,39.6,0.00485029,132.357
TRAINING,3,2500.0,0.0,0.0508,31.7,8.12164E-4,134.87
TRAINING,3,1250.0,0.0,0.0508,71.3,7.40478E-4,128.56
TRAINING,3,2000.0,15.4,0.0508,71.3,0.0264269,129.285
TRAINING,3,2000.0,3.3,0.1016,31.7,0.00251435,131.642
TRAINING,9,5000.0,22.2,0.0254,71.3,0.0214178,125.727
TRAINING,3,1250.0,4.0,0.2286,55.5,0.0042862,131.264
TRAINING,3,3150.0,9.9,0.1524,55.5,0.0208438,115.085
TRAINING,9,8000.0,0.0,0.1524,71.3,0.0015988,122.527
TRAINING,3,2500.0,3.0,0.3048,55.5,0.00452492,122.439
TRAINING,9,6300.0,0.0,0.0508,31.7,8.12164E-4,130.34
TRAINING,3,630.0,3.3,0.1016,39.6,0.00245138,127.251
TRAINING,9,5000.0,12.3,0.1016,55.5,0.0368233,112.014
TRAINING,9,5000.0,0.0,0.0254,39.6,4.28464E-4,136.536
TRAINING,3,800.0,0.0,0.2286,31.7,0.0027238,130.725
TRAINING,3,3150.0,5.4,0.1524,39.6,0.00485029,119.137
TRAINING,3,500.0,5.4,0.1524,31.7,0.00525474,129.681
TRAINING,3,2500.0,12.3,0.1016,31.7,0.0418756,110.317
TRAINING,3,3150.0,0.0,0.1016,39.6,0.00146332,130.961
TRAINING,9,5000.0,12.6,0.1524,39.6,0.0584113,104.13
TRAINING,3,2000.0,6.7,0.1016,71.3,0.00478288,134.568
TRAINING,3,630.0,12.6,0.1524,71.3,0.0483159,123.304
TRAINING,3,1250.0,17.4,0.0254,39.6,0.0172206,131.364
TRAINING,9,8000.0,0.0,0.0254,71.3,4.00682E-4,129.867
TRAINING,3,400.0,11.2,0.0508,71.3,0.014072,129.281
TRAINING,3,2000.0,9.5,0.0254,39.6,0.00449821,131.274
TRAINING,3,800.0,2.7,0.1524,71.3,0.00243851,127.394
TRAINING,5,10000.0,3.0,0.3048,71.3,0.00425727,110.224
TRAINING,9,5000.0,5.4,0.1524,55.5,0.00433288,118.757
TRAINING,3,2000.0,0.0,0.2286,31.7,0.0027238,123.455
TRAINING,3,1000.0,12.6,0.1524,39.6,0.0584113,114.67
TRAINING,3,315.0,12.3,0.1016,55.5,0.0368233,135.674
TRAINING,3,2500.0,15.4,0.0508,39.6,0.0282593,122.413
TRAINING,3,250.0,7.3,0.2286,31.7,0.0132672,130.089
TRAINING,3,1250.0,1.5,0.3048,71.3,0.00336729,125.872
TRAINING,3,200.0,9.9,0.1524,55.5,0.0208438,131.955
TRAINING,5,10000.0,0.0,0.1016,71.3,0.00121072,123.305
TRAINING,3,1000.0,9.9,0.1524,31.7,0.0252785,122.149
TRAINING,9,8000.0,22.2,0.0254,71.3,0.0214178,121.657
TRAINING,3,2500.0,8.4,0.0508,71.3,0.00529514,134.226
TRAINING,9,5000.0,0.0,0.0254,55.5,4.1229E-4,135.803
TRAINING,3,500.0,4.0,0.2286,39.6,0.00473801,127.039
TRAINING,3,2000.0,9.9,0.1524,71.3,0.0193001,120.779
TRAINING,3,2000.0,15.4,0.0508,31.7,0.0289853,120.835
TRAINING,5,10000.0,0.0,0.1524,71.3,0.0015988,120.247
TRAINING,3,800.0,8.9,0.1016,71.3,0.0103088,137.813
TRAINING,3,3150.0,7.3,0.2286,71.3,0.0104404,120.458
TRAINING,3,800.0,8.4,0.0508,31.7,0.00580776,128.246
TRAINING,3,250.0,8.9,0.1016,71.3,0.0103088,134.533
TRAINING,3,250.0,12.6,0.1524,39.6,0.0584113,115.89
TRAINING,9,8000.0,0.0,0.0508,31.7,8.12164E-4,126.59
TRAINING,3,630.0,0.0,0.2286,31.7,0.0027238,129.465
TRAINING,9,8000.0,3.3,0.1016,55.5,0.002211,120.569
TRAINING,9,5000.0,3.0,0.3048,71.3,0.00425727,118.134
TRAINING,3,2000.0,8.9,0.1016,39.6,0.0124596,119.04
TRAINING,3,800.0,0.0,0.2286,55.5,0.00229336,127.53
TRAINING,9,5000.0,0.0,0.0254,31.7,4.39472E-4,138.607
TRAINING,3,2000.0,17.4,0.0254,55.5,0.0165706,125.261
TRAINING,3,250.0,22.2,0.0254,39.6,0.0229028,117.386
TRAINING,3,200.0,17.4,0.0254,39.6,0.0172206,114.044
TRAINING,3,2000.0,0.0,0.1524,31.7,0.00209405,128.907
TRAINING,3,1250.0,0.0,0.3048,39.6,0.00310138,125.499
TRAINING,9,6300.0,0.0,0.0254,71.3,4.00682E-4,134.987
TRAINING,3,315.0,0.0,0.3048,39.6,0.00310138,122.779
TRAINING,3,2500.0,19.7,0.0508,71.3,0.0341183,118.385
TRAINING,3,200.0,11.2,0.0508,39.6,0.0150478,125.01
TRAINING,3,500.0,12.7,0.0254,71.3,0.0121808,126.898
TRAINING,3,500.0,7.3,0.2286,55.5,0.0111706,133.174
TRAINING,3,1600.0,2.0,0.2286,31.7,0.00372371,125.797
TRAINING,3,2000.0,4.8,0.0254,55.5,8.73218E-4,125.054
TRAINING,3,1600.0,11.2,0.0508,71.3,0.014072,135.191
TRAINING,9,5000.0,0.0,0.3048,71.3,0.00266337,121.301
TRAINING,5,12500.0,0.0,0.0508,55.5,7.6193E-4,125.376
TRAINING,3,2500.0,7.3,0.2286,39.6,0.0123481,116.559
TRAINING,3,1000.0,4.0,0.2286,71.3,0.00400603,131.708
TRAINING,3,2500.0,7.3,0.2286,55.5,0.0111706,118.994
TRAINING,5,10000.0,0.0,0.1524,55.5,0.00172668,119.253
TRAINING,9,6300.0,12.3,0.1016,31.7,0.0418756,107.267
TRAINING,3,315.0,12.6,0.1524,39.6,0.0584113,116.02
TRAINING,3,1600.0,12.6,0.1524,71.3,0.0483159,120.534
TRAINING,9,4000.0,9.5,0.0254,39.6,0.00449821,127.864
TRAINING,9,6300.0,0.0,0.1016,39.6,0.00146332,125.631
TRAINING,3,2500.0,15.4,0.0508,55.5,0.0271925,125.63
TRAINING,5,10000.0,4.8,0.0254,39.6,9.07475E-4,126.066
TRAINING,3,1250.0,17.4,0.0254,55.5,0.0165706,129.301
TRAINING,3,3150.0,9.5,0.0254,39.6,0.00449821,129.934
TRAINING,3,400.0,12.6,0.1524,39.6,0.0584113,115.91
TRAINING,9,6300.0,0.0,0.1016,55.5,0.00131983,127.73
TRAINING,3,2500.0,22.2,0.0254,39.6,0.0229028,121.306
TRAINING,3,2000.0,12.3,0.1016,31.7,0.0418756,110.447
TRAINING,3,1600.0,8.4,0.0508,71.3,0.00529514,133.846
TRAINING,3,630.0,15.4,0.0508,39.6,0.0282593,127.443
TRAINING,9,5000.0,17.4,0.0254,55.5,0.0165706,118.941
TRAINING,9,6300.0,3.0,0.3048,31.7,0.00529514,109.718
TRAINING,9,6300.0,4.8,0.0254,31.7,9.30789E-4,132.898
TRAINING,3,315.0,7.3,0.2286,55.5,0.0111706,136.284
TRAINING,9,8000.0,1.5,0.3048,71.3,0.00336729,115.372
TRAINING,3,1600.0,5.4,0.1524,71.3,0.00401199,133.241
TRAINING,5,12500.0,0.0,0.1016,55.5,0.00131983,119.91
TRAINING,3,2500.0,9.9,0.1524,55.5,0.0208438,118.365
TRAINING,3,1000.0,6.7,0.1016,55.5,0.0052139,137.233
TRAINING,9,4000.0,8.4,0.0508,31.7,0.00580776,118.106
TRAINING,3,800.0,5.4,0.1524,39.6,0.00485029,132.757
TRAINING,9,4000.0,3.0,0.3048,71.3,0.00425727,120.264
TRAINING,3,1000.0,8.9,0.1016,39.6,0.0124596,129.58
TRAINING,5,16000.0,4.8,0.0254,55.5,8.73218E-4,124.394
TRAINING,9,5000.0,0.0,0.1016,71.3,0.00121072,130.795
TRAINING,3,1000.0,17.4,0.0254,31.7,0.0176631,131.796
TRAINING,5,16000.0,4.0,0.2286,71.3,0.00400603,112.768
TRAINING,9,4000.0,4.0,0.2286,71.3,0.00400603,121.728
TRAINING,3,800.0,5.3,0.2286,39.6,0.00614329,129.491
TRAINING,3,1600.0,0.0,0.1524,39.6,0.00193287,131.013
TRAINING,9,4000.0,15.4,0.0508,55.5,0.0271925,120.92
TRAINING,3,2000.0,22.2,0.0254,71.3,0.0214178,127.197
TRAINING,9,5000.0,9.9,0.1524,55.5,0.0208438,112.065
TRAINING,3,2000.0,5.4,0.1524,39.6,0.00485029,124.647
TRAINING,3,315.0,12.3,0.1016,39.6,0.0408268,129.415
TRAINING,3,1000.0,9.9,0.1524,71.3,0.0193001,126.349
TRAINING,3,630.0,3.0,0.3048,71.3,0.00425727,129.354
TRAINING,3,1000.0,3.0,0.3048,39.6,0.00495741,128.312
TRAINING,9,4000.0,7.3,0.2286,31.7,0.0132672,112.639
TRAINING,3,500.0,4.0,0.3048,39.6,0.00579636,130.173
TRAINING,3,2500.0,3.3,0.1016,39.6,0.00245138,130.791
TRAINING,3,1250.0,4.8,0.0254,39.6,9.07475E-4,125.026
TRAINING,9,4000.0,5.4,0.1524,31.7,0.00525474,116.181
TRAINING,3,1250.0,6.7,0.1016,31.7,0.00592927,129.256
TRAINING,3,1600.0,15.4,0.0508,39.6,0.0282593,124.843
TRAINING,3,3150.0,4.2,0.0508,39.6,0.00152689,133.587
TRAINING,9,5000.0,9.5,0.0254,31.7,0.00461377,124.426
TRAINING,3,1000.0,8.4,0.0508,31.7,0.00580776,129.516
TRAINING,3,1250.0,1.5,0.3048,39.6,0.00392107,125.211
TRAINING,9,6300.0,0.0,0.2286,31.7,0.0027238,116.815
TRAINING,9,8000.0,4.8,0.0254,71.3,8.48633E-4,131.518
TRAINING,3,630.0,4.8,0.0254,39.6,9.07475E-4,118.696
TRAINING,3,1600.0,4.8,0.0254,31.7,9.30789E-4,128.718
TRAINING,3,2000.0,0.0,0.0508,39.6,7.91822E-4,132.918
TRAINING,9,6300.0,0.0,0.1016,71.3,0.00121072,129.395
TRAINING,9,8000.0,2.7,0.1524,71.3,0.00243851,120.534
TRAINING,9,6300.0,3.3,0.1016,71.3,0.00202822,124.904
TRAINING,3,2500.0,0.0,0.1524,39.6,0.00193287,126.863
TRAINING,3,3150.0,5.4,0.1524,55.5,0.00433288,121.587
TRAINING,3,1600.0,1.5,0.3048,71.3,0.00336729,126.632
TRAINING,3,2000.0,0.0,0.0254,39.6,4.28464E-4,130.026
TRAINING,3,250.0,15.6,0.1016,39.6,0.0528487,124.644
TRAINING,9,4000.0,22.2,0.0254,39.6,0.0229028,119.646
TRAINING,9,8000.0,0.0,0.1016,71.3,0.00121072,125.465
TRAINING,3,800.0,11.2,0.0508,39.6,0.0150478,133.79
TRAINING,3,2000.0,5.3,0.2286,71.3,0.0051942,125.89
TRAINING,3,800.0,19.7,0.0508,71.3,0.0341183,124.555
TRAINING,3,800.0,12.3,0.1016,39.6,0.0408268,122.315
TRAINING,3,200.0,9.9,0.1524,39.6,0.0233328,127.315
TRAINING,3,1600.0,2.0,0.2286,39.6,0.00346574,125.837
TRAINING,3,800.0,9.5,0.0254,31.7,0.00461377,130.746
TRAINING,3,250.0,12.7,0.0254,71.3,0.0121808,119.698
TRAINING,9,6300.0,15.4,0.0508,31.7,0.0289853,108.185
TRAINING,3,630.0,4.0,0.2286,31.7,0.00509068,130.349
TRAINING,3,630.0,12.6,0.1524,39.6,0.0584113,116.55
TRAINING,5,10000.0,12.7,0.0254,71.3,0.0121808,114.418
TRAINING,3,1600.0,12.3,0.1016,31.7,0.0418756,114.477
TRAINING,3,315.0,8.9,0.1016,39.6,0.0124596,135.38
TRAINING,3,1600.0,3.3,0.1016,39.6,0.00245138,133.071
TRAINING,3,1600.0,12.7,0.0254,71.3,0.0121808,134.528
TRAINING,9,6300.0,0.0,0.1524,39.6,0.00193287,121.313
TRAINING,5,12500.0,0.0,0.3048,55.5,0.00283081,111.076
TRAINING,3,630.0,5.4,0.1524,31.7,0.00525474,131.471
TRAINING,3,250.0,17.4,0.0254,55.5,0.0165706,110.491
TRAINING,5,16000.0,0.0,0.0254,55.5,4.1229E-4,125.683
TRAINING,5,10000.0,0.0,0.0508,71.3,7.40478E-4,128.74
TRAINING,3,3150.0,0.0,0.1016,71.3,0.00121072,131.955
TRAINING,3,800.0,6.7,0.1016,71.3,0.00478288,134.478
TRAINING,3,800.0,3.0,0.3048,31.7,0.00529514,128.708
TRAINING,3,800.0,12.7,0.0254,71.3,0.0121808,130.348
TRAINING,3,800.0,0.0,0.1524,31.7,0.00209405,129.117
TRAINING,3,2500.0,0.0,0.3048,55.5,0.00283081,124.106
TRAINING,9,5000.0,15.6,0.1016,39.6,0.0528487,106.224
TRAINING,3,1250.0,12.7,0.0254,39.6,0.0130253,130.777
TRAINING,3,500.0,2.7,0.1524,39.6,0.00294804,121.009
TRAINING,3,500.0,12.6,0.1524,39.6,0.0584113,114.9
TRAINING,3,2000.0,9.5,0.0254,71.3,0.00420654,134.976
TRAINING,3,3150.0,3.3,0.1016,71.3,0.00202822,132.114
TRAINING,3,3150.0,15.4,0.0508,55.5,0.0271925,123.46
TRAINING,3,800.0,3.3,0.1016,55.5,0.002211,129.119
TRAINING,3,250.0,15.4,0.0508,39.6,0.0282593,122.893
TRAINING,5,12500.0,0.0,0.3048,39.6,0.00310138,109.619
TRAINING,9,6300.0,4.0,0.2286,31.7,0.00509068,112.699
TRAINING,3,800.0,0.0,0.0508,55.5,7.6193E-4,124.336
TRAINING,3,250.0,19.7,0.0508,39.6,0.036484,127.224
TRAINING,3,1250.0,9.5,0.0254,55.5,0.0043284,132.202
TRAINING,3,2000.0,0.0,0.2286,71.3,0.00214345,128.244
TRAINING,3,315.0,7.3,0.2286,71.3,0.0104404,139.808
TRAINING,5,10000.0,1.5,0.3048,39.6,0.00392107,108.991
TRAINING,3,2500.0,3.3,0.1016,71.3,0.00202822,133.894
TRAINING,3,1250.0,0.0,0.3048,71.3,0.00266337,125.951
TRAINING,3,2500.0,3.3,0.1016,55.5,0.002211,132.889
TRAINING,3,1600.0,0.0,0.0508,55.5,7.6193E-4,128.576
TRAINING,3,200.0,12.6,0.1524,71.3,0.0483159,128.354
TRAINING,9,6300.0,4.0,0.3048,71.3,0.00497773,116.165
TRAINING,5,10000.0,1.5,0.3048,71.3,0.00336729,113.492
TRAINING,3,1600.0,9.9,0.1524,71.3,0.0193001,121.789
TRAINING,9,4000.0,4.8,0.0254,55.5,8.73218E-4,133.924
TRAINING,3,3150.0,4.0,0.2286,55.5,0.0042862,122.394
TRAINING,3,400.0,5.4,0.1524,71.3,0.00401199,124.121
TRAINING,3,250.0,9.9,0.1524,55.5,0.0208438,133.235
TRAINING,5,12500.0,2.7,0.1524,39.6,0.00294804,108.649
TRAINING,9,5000.0,7.2,0.1524,71.3,0.00752039,118.343
TRAINING,3,200.0,9.5,0.0254,39.6,0.00449821,116.074
TRAINING,3,500.0,6.7,0.1016,39.6,0.00578076,130.955
TRAINING,3,630.0,6.7,0.1016,31.7,0.00592927,132.116
TRAINING,9,6300.0,8.9,0.1016,71.3,0.0103088,117.253
TRAINING,3,800.0,7.2,0.1524,39.6,0.00909175,132.358
TRAINING,9,4000.0,7.3,0.2286,39.6,0.0123481,114.079
TRAINING,3,315.0,17.4,0.0254,71.3,0.016104,115.846
TRAINING,5,10000.0,7.2,0.1524,71.3,0.00752039,110.313
TRAINING,5,10000.0,5.3,0.2286,71.3,0.0051942,111.35
TRAINING,3,200.0,9.5,0.0254,31.7,0.00461377,119.146
TRAINING,3,800.0,4.0,0.2286,39.6,0.00473801,130.469
TRAINING,3,1000.0,4.8,0.0254,31.7,9.30789E-4,125.348
TRAINING,3,315.0,7.2,0.1524,39.6,0.00909175,130.558
TRAINING,3,400.0,11.2,0.0508,39.6,0.0150478,130.67
TRAINING,3,630.0,8.9,0.1016,71.3,0.0103088,138.423
TRAINING,9,5000.0,0.0,0.3048,31.7,0.00331266,115.645
TRAINING,3,500.0,12.6,0.1524,71.3,0.0483159,121.664
TRAINING,9,4000.0,17.4,0.0254,55.5,0.0165706,121.771
TRAINING,3,500.0,9.9,0.1524,31.7,0.0252785,127.179
TRAINING,3,630.0,0.0,0.1524,31.7,0.00209405,125.997
TRAINING,3,250.0,12.3,0.1016,55.5,0.0368233,133.294
TRAINING,3,800.0,0.0,0.1524,39.6,0.00193287,127.903
TRAINING,3,2000.0,11.2,0.0508,39.6,0.0150478,124.42
TRAINING,3,1600.0,0.0,0.2286,31.7,0.0027238,125.625
TRAINING,3,800.0,12.3,0.1016,31.7,0.0418756,120.037
TRAINING,9,5000.0,4.0,0.2286,71.3,0.00400603,121.118
TRAINING,9,6300.0,0.0,0.0254,55.5,4.1229E-4,136.103
TRAINING,3,3150.0,3.0,0.3048,71.3,0.00425727,121.514
TRAINING,3,250.0,0.0,0.3048,39.6,0.00310138,119.319
TRAINING,3,630.0,9.5,0.0254,31.7,0.00461377,129.006
TRAINING,3,800.0,17.4,0.0254,31.7,0.0176631,139.226
TRAINING,3,1600.0,7.3,0.2286,71.3,0.0104404,125.728
TRAINING,9,4000.0,9.9,0.1524,31.7,0.0252785,111.459
TRAINING,3,800.0,15.6,0.1016,71.3,0.0437259,124.188
TRAINING,9,4000.0,17.4,0.0254,39.6,0.0172206,122.724
TRAINING,3,1000.0,9.5,0.0254,31.7,0.00461377,131.346
TRAINING,3,1250.0,9.9,0.1524,39.6,0.0233328,120.555
TRAINING,3,1250.0,6.7,0.1016,71.3,0.00478288,137.658
TRAINING,3,400.0,0.0,0.2286,55.5,0.00229336,121.66
TRAINING,3,3150.0,0.0,0.1524,31.7,0.00209405,124.207
TRAINING,3,1600.0,4.0,0.2286,71.3,0.00400603,129.468
TRAINING,9,5000.0,8.4,0.0508,55.5,0.00544854,115.812
TRAINING,3,3150.0,9.9,0.1524,31.7,0.0252785,112.209
TRAINING,9,4000.0,1.5,0.3048,71.3,0.00336729,121.762
TRAINING,9,5000.0,12.3,0.1016,31.7,0.0418756,107.147
TRAINING,3,3150.0,0.0,0.2286,55.5,0.00229336,125.16
TRAINING,9,5000.0,0.0,0.1524,39.6,0.00193287,123.453
TRAINING,3,1600.0,6.7,0.1016,55.5,0.0052139,133.653
TRAINING,3,1000.0,22.2,0.0254,71.3,0.0214178,134.247
TRAINING,3,3150.0,15.4,0.0508,71.3,0.0264269,125.715
TRAINING,5,16000.0,0.0,0.0254,39.6,4.28464E-4,124.986
TRAINING,9,5000.0,5.3,0.2286,71.3,0.0051942,118.05
TRAINING,3,3150.0,17.4,0.0254,55.5,0.0165706,124.101
TRAINING,3,400.0,2.0,0.2286,55.5,0.00313525,122.292
TRAINING,3,1600.0,8.9,0.1016,39.6,0.0124596,123.82
TRAINING,9,8000.0,0.0,0.3048,55.5,0.00283081,116.476
TRAINING,5,10000.0,0.0,0.3048,55.5,0.00283081,113.076
TRAINING,3,315.0,5.3,0.2286,39.6,0.00614329,129.691
TRAINING,3,2500.0,4.0,0.2286,31.7,0.00509068,120.209
TRAINING,3,400.0,7.3,0.2286,31.7,0.0132672,130.269
TRAINING,3,315.0,7.2,0.1524,71.3,0.00752039,128.713
TRAINING,9,6300.0,7.3,0.2286,31.7,0.0132672,110.689
TRAINING,9,5000.0,0.0,0.2286,31.7,0.0027238,120.505
TRAINING,3,2000.0,0.0,0.0508,71.3,7.40478E-4,131.06
TRAINING,9,4000.0,2.0,0.2286,39.6,0.00346574,120.227
TRAINING,3,500.0,4.0,0.3048,71.3,0.00497773,130.715
TRAINING,3,2500.0,9.9,0.1524,39.6,0.0233328,116.295
TRAINING,3,2500.0,9.5,0.0254,71.3,0.00420654,135.956
TRAINING,3,2500.0,0.0,0.0254,71.3,4.00682E-4,133.707
TRAINING,9,5000.0,12.3,0.1016,71.3,0.0337792,116.108
TRAINING,9,5000.0,4.8,0.0254,71.3,8.48633E-4,135.468
TRAINING,3,3150.0,19.7,0.0508,39.6,0.036484,113.004
TRAINING,3,2500.0,11.2,0.0508,71.3,0.014072,130.541
TRAINING,9,5000.0,0.0,0.2286,55.5,0.00229336,122.41
TRAINING,3,500.0,5.4,0.1524,39.6,0.00485029,129.937
TRAINING,3,315.0,12.7,0.0254,71.3,0.0121808,122.938
TRAINING,3,3150.0,0.0,0.0508,39.6,7.91822E-4,135.938
TRAINING,3,3150.0,7.3,0.2286,31.7,0.0132672,113.229
TRAINING,3,2000.0,9.5,0.0254,31.7,0.00461377,130.496
TRAINING,3,3150.0,0.0,0.0254,71.3,4.00682E-4,137.007
TRAINING,3,200.0,7.3,0.2286,39.6,0.0123481,130.989
TRAINING,3,800.0,4.0,0.3048,39.6,0.00579636,130.723
TRAINING,3,2000.0,4.0,0.2286,31.7,0.00509068,122.089
TRAINING,5,12500.0,2.7,0.1524,71.3,0.00243851,113.034
TRAINING,9,4000.0,2.7,0.1524,71.3,0.00243851,126.534
TRAINING,3,1250.0,0.0,0.0508,31.7,8.12164E-4,129.27
TRAINING,3,1250.0,3.0,0.3048,71.3,0.00425727,127.634
TRAINING,3,1000.0,2.0,0.2286,39.6,0.00346574,129.147
TRAINING,9,4000.0,0.0,0.0508,71.3,7.40478E-4,134.43
TRAINING,3,1000.0,8.4,0.0508,71.3,0.00529514,129.946
TRAINING,3,3150.0,0.0,0.0254,31.7,4.39472E-4,135.227
TRAINING,9,8000.0,0.0,0.2286,71.3,0.00214345,118.024
TRAINING,9,6300.0,15.6,0.1016,39.6,0.0528487,104.204
TRAINING,3,250.0,17.4,0.0254,31.7,0.0176631,116.956
TRAINING,3,1250.0,6.7,0.1016,55.5,0.0052139,136.883
TRAINING,3,1000.0,12.6,0.1524,71.3,0.0483159,122.044
TRAINING,9,6300.0,0.0,0.3048,31.7,0.00331266,113.775
TRAINING,3,200.0,8.9,0.1016,39.6,0.0124596,133.42
TRAINING,3,2000.0,5.4,0.1524,55.5,0.00433288,128.707
TRAINING,3,630.0,9.9,0.1524,55.5,0.0208438,127.315
TRAINING,9,6300.0,2.7,0.1524,71.3,0.00243851,121.944
TRAINING,3,400.0,12.3,0.1016,39.6,0.0408268,128.265
TRAINING,3,1600.0,12.6,0.1524,39.6,0.0584113,110.78
TRAINING,3,800.0,0.0,0.1016,55.5,0.00131983,127.92
TRAINING,3,2500.0,0.0,0.0254,55.5,4.1229E-4,130.073
TRAINING,3,1600.0,6.7,0.1016,39.6,0.00578076,127.375
TRAINING,3,1250.0,2.0,0.2286,71.3,0.00293031,128.816
TRAINING,9,4000.0,17.4,0.0254,71.3,0.016104,125.586
TRAINING,3,1250.0,0.0,0.0508,39.6,7.91822E-4,129.148
TRAINING,5,12500.0,0.0,0.0508,39.6,7.91822E-4,123.988
TRAINING,3,400.0,8.9,0.1016,71.3,0.0103088,138.123
TRAINING,3,1600.0,0.0,0.1524,71.3,0.0015988,129.667
TRAINING,3,3150.0,8.9,0.1016,71.3,0.0103088,123.263
TRAINING,3,800.0,3.3,0.1016,71.3,0.00202822,131.074
TRAINING,3,1250.0,15.4,0.0508,55.5,0.0271925,130.0
TRAINING,3,1250.0,15.4,0.0508,31.7,0.0289853,123.255
TRAINING,3,1600.0,12.7,0.0254,39.6,0.0130253,129.977
TRAINING,3,630.0,12.7,0.0254,39.6,0.0130253,128.867
TRAINING,3,1250.0,12.7,0.0254,71.3,0.0121808,133.048
TRAINING,9,4000.0,3.0,0.3048,39.6,0.00495741,116.792
TRAINING,5,12500.0,4.8,0.0254,55.5,8.73218E-4,125.094
TRAINING,3,200.0,0.0,0.3048,31.7,0.00331266,117.195
TRAINING,3,630.0,9.9,0.1524,31.7,0.0252785,126.049
TRAINING,3,1250.0,5.3,0.2286,71.3,0.0051942,133.38
TRAINING,9,5000.0,4.0,0.2286,31.7,0.00509068,115.969
TRAINING,3,1000.0,6.7,0.1016,39.6,0.00578076,134.515
TRAINING,3,2000.0,5.4,0.1524,31.7,0.00525474,122.771
TRAINING,3,3150.0,2.0,0.2286,31.7,0.00372371,121.527
TRAINING,3,3150.0,4.2,0.0508,71.3,0.00142788,133.728
TRAINING,3,800.0,0.0,0.1016,31.7,0.00150092,129.053
TRAINING,3,500.0,12.3,0.1016,31.7,0.0418756,118.667
TRAINING,9,5000.0,3.0,0.3048,55.5,0.00452492,117.309
TRAINING,3,315.0,19.7,0.0508,39.6,0.036484,129.864
TRAINING,9,8000.0,4.8,0.0254,55.5,8.73218E-4,132.184
TRAINING,9,6300.0,12.7,0.0254,39.6,0.0130253,123.177
TRAINING,9,4000.0,4.8,0.0254,31.7,9.30789E-4,135.328
TRAINING,3,500.0,15.6,0.1016,71.3,0.0437259,130.638
TRAINING,3,500.0,9.5,0.0254,55.5,0.0043284,123.082
TRAINING,3,1250.0,0.0,0.1016,39.6,0.00146332,132.271
TRAINING,3,2000.0,4.2,0.0508,39.6,0.00152689,132.587
TRAINING,3,1600.0,7.3,0.2286,31.7,0.0132672,119.039
TRAINING,3,1600.0,4.0,0.2286,55.5,0.0042862,128.264
TRAINING,5,12500.0,0.0,0.0508,31.7,8.12164E-4,119.07
TRAINING,3,630.0,9.5,0.0254,71.3,0.00420654,125.726
TRAINING,3,500.0,12.3,0.1016,39.6,0.0408268,122.205
TRAINING,3,200.0,17.4,0.0254,71.3,0.016104,112.506
TRAINING,3,1250.0,8.4,0.0508,55.5,0.00544854,132.252
TRAINING,3,250.0,7.2,0.1524,39.6,0.00909175,127.488
TRAINING,3,1000.0,9.5,0.0254,55.5,0.0043284,130.332
TRAINING,9,8000.0,5.4,0.1524,55.5,0.00433288,114.927
TRAINING,3,630.0,15.6,0.1016,71.3,0.0437259,122.288
TRAINING,3,3150.0,6.7,0.1016,71.3,0.00478288,124.458
TRAINING,9,4000.0,4.2,0.0508,39.6,0.00152689,131.807
TRAINING,3,800.0,5.3,0.2286,71.3,0.0051942,133.48
TRAINING,3,2000.0,2.0,0.2286,71.3,0.00293031,126.896
TRAINING,3,2500.0,3.0,0.3048,31.7,0.00529514,119.598
TRAINING,3,315.0,9.9,0.1524,31.7,0.0252785,128.809
TRAINING,3,2000.0,0.0,0.1016,71.3,0.00121072,132.095
TRAINING,3,3150.0,15.6,0.1016,71.3,0.0437259,116.468
TRAINING,3,250.0,12.6,0.1524,71.3,0.0483159,129.744
TRAINING,3,2000.0,3.3,0.1016,71.3,0.00202822,134.034
TRAINING,3,1000.0,15.6,0.1016,39.6,0.0528487,119.224
TRAINING,3,2000.0,12.7,0.0254,71.3,0.0121808,134.228
TRAINING,3,1600.0,0.0,0.0508,71.3,7.40478E-4,129.68
TRAINING,9,6300.0,4.0,0.2286,39.6,0.00473801,114.249
TRAINING,9,6300.0,5.4,0.1524,71.3,0.00401199,116.411
TRAINING,3,400.0,7.3,0.2286,71.3,0.0104404,139.438
TRAINING,3,1600.0,19.7,0.0508,71.3,0.0341183,120.575
TRAINING,9,6300.0,9.5,0.0254,55.5,0.0043284,124.222
TRAINING,3,315.0,22.2,0.0254,71.3,0.0214178,115.857
TRAINING,3,1000.0,8.4,0.0508,55.5,0.00544854,130.722
TRAINING,9,5000.0,3.0,0.3048,39.6,0.00495741,115.792
TRAINING,5,12500.0,0.0,0.2286,71.3,0.00214345,117.624
TRAINING,3,800.0,22.2,0.0254,71.3,0.0214178,123.227
TRAINING,3,250.0,7.3,0.2286,39.6,0.0123481,131.889
TRAINING,3,250.0,11.2,0.0508,39.6,0.0150478,126.43
TEST,3,400.0,15.4,0.0508,39.6,0.0282593,125.353
TEST,3,3150.0,22.2,0.0254,39.6,0.0229028,120.856
TEST,3,200.0,15.4,0.0508,31.7,0.0289853,119.975
TEST,3,800.0,3.3,0.1016,31.7,0.00251435,131.362
TEST,9,4000.0,2.7,0.1524,39.6,0.00294804,121.889
TEST,3,400.0,4.0,0.2286,55.5,0.0042862,123.274
TEST,3,400.0,5.4,0.1524,39.6,0.00485029,127.637
TEST,3,3150.0,11.2,0.0508,39.6,0.0150478,119.67
TEST,9,6300.0,0.0,0.0508,55.5,7.6193E-4,132.796
TEST,9,8000.0,15.4,0.0508,71.3,0.0264269,112.675
TEST,3,2000.0,0.0,0.0254,31.7,4.39472E-4,130.697
TEST,3,2500.0,6.7,0.1016,55.5,0.0052139,124.273
TEST,3,800.0,0.0,0.3048,71.3,0.00266337,126.201
TEST,5,16000.0,0.0,0.0254,71.3,4.00682E-4,130.477
TEST,3,2500.0,2.0,0.2286,55.5,0.00313525,123.862
TEST,3,2500.0,12.3,0.1016,39.6,0.0408268,113.315
TEST,3,630.0,0.0,0.3048,39.6,0.00310138,128.629
TEST,9,4000.0,2.0,0.2286,71.3,0.00293031,124.086
TEST,3,630.0,4.8,0.0254,31.7,9.30789E-4,120.078
TEST,9,6300.0,0.0,0.0254,31.7,4.39472E-4,138.537
TEST,3,315.0,15.6,0.1016,39.6,0.0528487,122.754
TEST,9,6300.0,5.4,0.1524,39.6,0.00485029,116.677
TEST,5,20000.0,0.0,0.0254,55.5,4.1229E-4,121.933
TEST,3,2000.0,1.5,0.3048,39.6,0.00392107,122.101
TEST,9,6300.0,0.0,0.0508,71.3,7.40478E-4,133.04
TEST,3,1600.0,9.9,0.1524,55.5,0.0208438,119.875
TEST,3,1000.0,11.2,0.0508,39.6,0.0150478,132.43
TEST,9,5000.0,7.3,0.2286,39.6,0.0123481,111.959
TEST,3,800.0,0.0,0.2286,39.6,0.00253511,130.205
TEST,3,500.0,9.9,0.1524,71.3,0.0193001,131.279
TEST,3,800.0,0.0,0.3048,39.6,0.00310138,129.099
TEST,3,3150.0,19.7,0.0508,71.3,0.0341183,116.225
TEST,3,2500.0,0.0,0.1016,55.5,0.00131983,133.04
TEST,3,1000.0,5.4,0.1524,55.5,0.00433288,132.127
TEST,3,400.0,0.0,0.2286,31.7,0.0027238,123.635
TEST,9,5000.0,15.4,0.0508,55.5,0.0271925,117.11
TEST,3,315.0,17.4,0.0254,31.7,0.0176631,118.416
TEST,3,1000.0,5.4,0.1524,71.3,0.00401199,133.201
TEST,3,2500.0,1.5,0.3048,39.6,0.00392107,120.981
TEST,3,2500.0,8.4,0.0508,31.7,0.00580776,125.576
TEST,9,4000.0,9.5,0.0254,55.5,0.0043284,131.582
TEST,3,1250.0,4.0,0.2286,31.7,0.00509068,128.119
TEST,3,2500.0,8.4,0.0508,39.6,0.00566229,127.465
TEST,3,1250.0,15.6,0.1016,71.3,0.0437259,123.178
TEST,3,2000.0,3.3,0.1016,39.6,0.00245138,132.301
TEST,3,1000.0,0.0,0.1524,71.3,0.0015988,127.307
TEST,9,4000.0,0.0,0.2286,31.7,0.0027238,122.035
TEST,3,2500.0,12.7,0.0254,39.6,0.0130253,129.027
TEST,3,2500.0,15.6,0.1016,39.6,0.0528487,110.264
TEST,3,2500.0,0.0,0.0508,55.5,7.6193E-4,133.956
TEST,3,2000.0,9.5,0.0254,55.5,0.0043284,134.052
TEST,3,315.0,0.0,0.3048,31.7,0.00331266,122.765
TEST,9,4000.0,9.5,0.0254,71.3,0.00420654,134.236
TEST,3,800.0,6.7,0.1016,31.7,0.00592927,132.886
TEST,5,10000.0,0.0,0.2286,71.3,0.00214345,118.134
TEST,5,10000.0,3.3,0.1016,39.6,0.00245138,115.321
TEST,3,1250.0,0.0,0.1016,31.7,0.00150092,133.063
TEST,9,5000.0,0.0,0.1524,31.7,0.00209405,122.397
TEST,9,4000.0,9.9,0.1524,55.5,0.0208438,112.945
TEST,3,1000.0,11.2,0.0508,71.3,0.014072,136.941
TEST,9,4000.0,0.0,0.2286,39.6,0.00253511,123.465
TEST,3,1000.0,0.0,0.1016,31.7,0.00150092,131.313
TEST,9,4000.0,12.6,0.1524,71.3,0.0483159,108.034
TEST,5,10000.0,4.0,0.2286,71.3,0.00400603,113.108
TEST,9,6300.0,22.2,0.0254,71.3,0.0214178,123.127
TEST,9,8000.0,7.2,0.1524,71.3,0.00752039,113.333
TEST,3,1600.0,3.0,0.3048,31.7,0.00529514,122.088
TEST,3,1000.0,7.2,0.1524,39.6,0.00909175,128.338
TEST,3,315.0,4.0,0.2286,39.6,0.00473801,122.229
TEST,3,1000.0,5.3,0.2286,71.3,0.0051942,134.0
TEST,3,630.0,3.0,0.3048,31.7,0.00529514,128.698
TEST,3,1600.0,0.0,0.2286,39.6,0.00253511,127.095
TEST,3,1600.0,3.3,0.1016,71.3,0.00202822,133.664
TEST,3,3150.0,2.7,0.1524,39.6,0.00294804,122.919
TEST,3,2000.0,0.0,0.1016,39.6,0.00146332,133.251
TEST,9,5000.0,0.0,0.1524,71.3,0.0015988,126.457
TEST,9,5000.0,0.0,0.0508,55.5,7.6193E-4,134.556
TEST,9,8000.0,4.2,0.0508,71.3,0.00142788,125.268
TEST,5,12500.0,0.0,0.0254,39.6,4.28464E-4,129.116
TEST,3,1250.0,11.2,0.0508,39.6,0.0150478,130.05
TEST,3,200.0,22.2,0.0254,39.6,0.0229028,116.066
TEST,3,3150.0,22.2,0.0254,71.3,0.0214178,124.127
TEST,3,500.0,4.0,0.2286,31.7,0.00509068,128.939
TEST,9,4000.0,3.3,0.1016,39.6,0.00245138,124.881
TEST,3,800.0,17.4,0.0254,39.6,0.0172206,135.324
TEST,3,1250.0,8.9,0.1016,39.6,0.0124596,127.71
TEST,3,1600.0,8.9,0.1016,71.3,0.0103088,128.763
TEST,3,2000.0,15.4,0.0508,55.5,0.0271925,127.04
TEST,3,630.0,0.0,0.2286,55.5,0.00229336,126.16
TEST,3,630.0,2.0,0.2286,71.3,0.00293031,127.356
TEST,3,2500.0,12.7,0.0254,71.3,0.0121808,134.058
TEST,9,4000.0,0.0,0.3048,31.7,0.00331266,118.145
TEST,3,400.0,12.3,0.1016,31.7,0.0418756,123.207
TEST,3,400.0,15.6,0.1016,39.6,0.0528487,120.484
TEST,3,2000.0,12.6,0.1524,39.6,0.0584113,109.52
TEST,3,630.0,12.3,0.1016,39.6,0.0408268,121.315
TEST,3,2000.0,0.0,0.1524,39.6,0.00193287,129.633
TEST,9,6300.0,0.0,0.1524,71.3,0.0015988,125.427
TEST,3,1250.0,15.4,0.0508,39.6,0.0282593,126.743
TEST,9,8000.0,4.0,0.2286,71.3,0.00400603,112.848
TEST,3,2000.0,6.7,0.1016,39.6,0.00578076,122.235
TEST,5,10000.0,0.0,0.0508,55.5,7.6193E-4,127.636
TEST,3,1000.0,0.0,0.2286,55.5,0.00229336,128.29
TEST,9,4000.0,15.6,0.1016,71.3,0.0437259,113.298
TEST,3,800.0,22.2,0.0254,39.6,0.0229028,137.076
TEST,3,315.0,12.7,0.0254,39.6,0.0130253,123.537
TEST,3,1000.0,0.0,0.2286,31.7,0.0027238,130.595
TEST,3,3150.0,0.0,0.1524,71.3,0.0015988,129.377
TEST,3,315.0,7.3,0.2286,31.7,0.0132672,130.239
TEST,3,1600.0,6.7,0.1016,31.7,0.00592927,124.346
TEST,3,1000.0,7.3,0.2286,71.3,0.0104404,126.838
TEST,3,800.0,0.0,0.1524,55.5,0.00172668,126.713
TEST,5,20000.0,0.0,0.2286,71.3,0.00214345,114.474
TEST,3,500.0,3.0,0.3048,39.6,0.00495741,127.632
TEST,3,2500.0,3.0,0.3048,71.3,0.00425727,124.024
TEST,3,2000.0,8.4,0.0508,71.3,0.00529514,134.476
TEST,3,500.0,7.2,0.1524,71.3,0.00752039,132.043
TEST,3,400.0,19.7,0.0508,71.3,0.0341183,123.865
TEST,3,2500.0,6.7,0.1016,71.3,0.00478288,131.458
TEST,3,2000.0,12.3,0.1016,39.6,0.0408268,114.085
TEST,3,800.0,3.0,0.3048,39.6,0.00495741,129.552
TEST,3,500.0,9.5,0.0254,31.7,0.00461377,126.886
TEST,3,3150.0,5.3,0.2286,71.3,0.0051942,123.12
TEST,3,2000.0,19.7,0.0508,71.3,0.0341183,120.055
TEST,3,315.0,2.0,0.2286,31.7,0.00372371,120.147
TEST,3,400.0,12.6,0.1524,71.3,0.0483159,127.094
TEST,3,500.0,4.8,0.0254,39.6,9.07475E-4,116.366
TEST,3,1600.0,3.0,0.3048,39.6,0.00495741,122.782
TEST,5,10000.0,2.0,0.2286,71.3,0.00293031,113.086
TEST,3,1000.0,1.5,0.3048,71.3,0.00336729,125.992
TEST,3,3150.0,0.0,0.0508,71.3,7.40478E-4,135.07
TEST,9,6300.0,2.0,0.2286,31.7,0.00372371,115.137
TEST,3,1000.0,3.3,0.1016,71.3,0.00202822,131.434
TEST,5,10000.0,3.3,0.1016,55.5,0.002211,115.659
TEST,3,630.0,15.6,0.1016,39.6,0.0528487,118.084
TEST,3,2000.0,0.0,0.3048,55.5,0.00283081,126.616
TEST,3,630.0,4.0,0.2286,39.6,0.00473801,129.579
TEST,3,800.0,15.4,0.0508,31.7,0.0289853,125.555
TEST,3,2500.0,12.6,0.1524,71.3,0.0483159,115.234
TEST,3,2000.0,2.0,0.2286,39.6,0.00346574,122.797
TEST,3,800.0,8.4,0.0508,39.6,0.00566229,128.435
TEST,9,4000.0,0.0,0.1016,31.7,0.00150092,126.933
TEST,3,630.0,19.7,0.0508,71.3,0.0341183,128.365
TEST,3,800.0,0.0,0.1016,71.3,0.00121072,126.805
TEST,3,1000.0,19.7,0.0508,39.6,0.036484,118.904
TEST,9,4000.0,5.4,0.1524,39.6,0.00485029,117.137
TEST,9,4000.0,15.4,0.0508,39.6,0.0282593,118.113
TEST,3,315.0,9.5,0.0254,39.6,0.00449821,119.294
TEST,5,12500.0,1.5,0.3048,39.6,0.00392107,106.111
TEST,9,5000.0,3.3,0.1016,39.6,0.00245138,122.371
TEST,3,200.0,9.9,0.1524,71.3,0.0193001,134.319
TEST,3,2500.0,15.4,0.0508,31.7,0.0289853,119.945
TEST,3,1000.0,0.0,0.3048,71.3,0.00266337,125.201
TEST,9,5000.0,0.0,0.2286,39.6,0.00253511,122.175
TEST,3,1600.0,5.4,0.1524,31.7,0.00525474,123.761
TEST,3,500.0,12.7,0.0254,39.6,0.0130253,127.127
TEST,3,1600.0,9.5,0.0254,71.3,0.00420654,133.756
TEST,3,630.0,12.3,0.1016,31.7,0.0418756,119.287
TEST,3,3150.0,8.9,0.1016,39.6,0.0124596,119.35
TEST,5,12500.0,0.0,0.1524,55.5,0.00172668,117.093
TEST,3,500.0,5.3,0.2286,71.3,0.0051942,129.88
TEST,9,4000.0,0.0,0.2286,55.5,0.00229336,123.41
TEST,3,1000.0,6.7,0.1016,31.7,0.00592927,131.636
TEST,3,1000.0,8.4,0.0508,39.6,0.00566229,130.195
TEST,3,2500.0,12.3,0.1016,55.5,0.0368233,117.054
TEST,3,630.0,6.7,0.1016,71.3,0.00478288,131.448
TEST,3,250.0,12.3,0.1016,39.6,0.0408268,129.675
TEST,3,2000.0,19.7,0.0508,39.6,0.036484,117.724
TEST,3,2500.0,4.0,0.2286,39.6,0.00473801,119.649
TEST,3,1000.0,3.3,0.1016,55.5,0.002211,131.129
TEST,9,5000.0,4.8,0.0254,39.6,9.07475E-4,135.426
TEST,9,6300.0,7.2,0.1524,39.6,0.00909175,112.688
TEST,3,2500.0,12.6,0.1524,39.6,0.0584113,106.88
TEST,9,5000.0,7.3,0.2286,71.3,0.0104404,115.298
TEST,9,8000.0,0.0,0.1524,31.7,0.00209405,117.957
TEST,9,5000.0,0.0,0.1524,55.5,0.00172668,125.203
TEST,3,500.0,7.3,0.2286,71.3,0.0104404,136.798
TEST,3,1600.0,9.5,0.0254,39.6,0.00449821,131.184
TEST,9,5000.0,0.0,0.2286,71.3,0.00214345,124.304
TEST,3,630.0,11.2,0.0508,71.3,0.014072,133.611
TEST,3,1250.0,9.9,0.1524,31.7,0.0252785,118.619
TEST,5,10000.0,0.0,0.0254,39.6,4.28464E-4,133.376
TEST,3,800.0,3.0,0.3048,55.5,0.00452492,129.949
TEST,3,250.0,0.0,0.3048,31.7,0.00331266,118.595
TEST,3,800.0,2.0,0.2286,39.6,0.00346574,129.037
TEST,3,1000.0,17.4,0.0254,55.5,0.0165706,126.001
TEST,3,1250.0,3.3,0.1016,39.6,0.00245138,133.211
TEST,9,6300.0,0.0,0.1524,55.5,0.00172668,123.303
TEST,3,1600.0,1.5,0.3048,39.6,0.00392107,122.211
TEST,9,5000.0,1.5,0.3048,39.6,0.00392107,116.241
TEST,3,2000.0,17.4,0.0254,31.7,0.0176631,124.356
TEST,9,8000.0,0.0,0.3048,71.3,0.00266337,117.151
TEST,3,2000.0,6.7,0.1016,31.7,0.00592927,120.446
TEST,3,1000.0,0.0,0.0508,31.7,8.12164E-4,126.78
TEST,3,200.0,9.9,0.1524,31.7,0.0252785,127.299
TEST,3,200.0,7.3,0.2286,71.3,0.0104404,138.758
TEST,3,2500.0,12.3,0.1016,71.3,0.0337792,121.318
TEST,3,3150.0,4.0,0.2286,31.7,0.00509068,120.229
TEST,3,1250.0,3.0,0.3048,39.6,0.00495741,125.802
TEST,9,6300.0,3.3,0.1016,39.6,0.00245138,120.851
TEST,3,400.0,17.4,0.0254,39.6,0.0172206,115.444
TEST,3,800.0,12.3,0.1016,55.5,0.0368233,125.114
TEST,3,500.0,8.4,0.0508,39.6,0.00566229,122.905
TEST,3,500.0,9.5,0.0254,39.6,0.00449821,123.894
TEST,5,12500.0,0.0,0.3048,71.3,0.00266337,112.241
TEST,3,1250.0,0.0,0.1524,39.6,0.00193287,131.023
TEST,3,250.0,15.4,0.0508,55.5,0.0271925,124.17
TEST,3,1000.0,1.5,0.3048,39.6,0.00392107,127.581
TEST,3,1000.0,5.4,0.1524,31.7,0.00525474,128.241
TEST,9,5000.0,9.5,0.0254,55.5,0.0043284,128.412
TEST,3,400.0,19.7,0.0508,39.6,0.036484,130.614
TEST,3,3150.0,4.8,0.0254,39.6,9.07475E-4,133.436
TEST,9,4000.0,7.2,0.1524,39.6,0.00909175,114.258
TEST,3,400.0,2.0,0.2286,71.3,0.00293031,125.116
TEST,3,800.0,4.8,0.0254,39.6,9.07475E-4,120.766
TEST,3,1000.0,0.0,0.1524,55.5,0.00172668,128.583
TEST,3,3150.0,3.0,0.3048,55.5,0.00452492,120.189
TEST,9,8000.0,3.3,0.1016,71.3,0.00202822,121.234
TEST,3,500.0,2.0,0.2286,31.7,0.00372371,126.677
TEST,3,250.0,11.2,0.0508,71.3,0.014072,127.101
TEST,3,1600.0,22.2,0.0254,39.6,0.0229028,122.216
TEST,3,400.0,5.3,0.2286,71.3,0.0051942,127.7
TEST,9,4000.0,0.0,0.1016,55.5,0.00131983,129.5
TEST,9,8000.0,0.0,0.3048,39.6,0.00310138,114.779
TEST,5,12500.0,0.0,0.0254,31.7,4.39472E-4,128.977
TEST,9,4000.0,4.2,0.0508,71.3,0.00142788,133.598
TEST,3,1250.0,4.0,0.3048,71.3,0.00497773,129.395
TEST,3,1250.0,0.0,0.2286,71.3,0.00214345,128.144
TEST,3,250.0,4.0,0.3048,39.6,0.00579636,123.543
TEST,3,1000.0,7.3,0.2286,31.7,0.0132672,119.099
TEST,9,6300.0,9.9,0.1524,55.5,0.0208438,110.555
TEST,3,400.0,9.5,0.0254,31.7,0.00461377,124.756
TEST,3,2000.0,0.0,0.1524,55.5,0.00172668,129.673
TEST,3,1600.0,7.3,0.2286,39.6,0.0123481,121.059
TEST,3,315.0,4.0,0.3048,39.6,0.00579636,126.843
TEST,3,250.0,15.4,0.0508,31.7,0.0289853,121.225
TEST,3,630.0,2.7,0.1524,39.6,0.00294804,125.809
TEST,3,1250.0,22.2,0.0254,39.6,0.0229028,126.446
TEST,3,1600.0,3.0,0.3048,71.3,0.00425727,126.514
TEST,3,200.0,19.7,0.0508,71.3,0.0341183,118.005
TEST,3,1600.0,0.0,0.0254,31.7,4.39472E-4,129.267
TEST,3,200.0,0.0,0.3048,39.6,0.00310138,118.129
TEST,3,1250.0,4.2,0.0508,39.6,0.00152689,128.427
TEST,3,1000.0,9.9,0.1524,39.6,0.0233328,123.835
TEST,5,12500.0,0.0,0.0508,71.3,7.40478E-4,125.22
TEST,5,20000.0,4.8,0.0254,55.5,8.73218E-4,121.284
TEST,3,400.0,8.9,0.1016,39.6,0.0124596,135.54
TEST,9,5000.0,0.0,0.0508,39.6,7.91822E-4,134.308
TEST,3,3150.0,4.8,0.0254,71.3,8.48633E-4,133.378
TEST,3,800.0,15.4,0.0508,71.3,0.0264269,131.515
TEST,3,3150.0,0.0,0.3048,71.3,0.00266337,125.201
TEST,3,1250.0,9.5,0.0254,31.7,0.00461377,131.446
TEST,3,3150.0,12.7,0.0254,71.3,0.0121808,133.758
TEST,3,2500.0,0.0,0.1524,71.3,0.0015988,128.127
TEST,9,5000.0,0.0,0.3048,55.5,0.00283081,119.606
TEST,3,500.0,1.5,0.3048,39.6,0.00392107,126.661
TEST,3,1600.0,3.3,0.1016,31.7,0.00251435,133.402
TEST,3,1600.0,0.0,0.1016,71.3,0.00121072,131.725
TEST,3,2500.0,4.0,0.3048,71.3,0.00497773,123.775
TEST,9,6300.0,5.4,0.1524,31.7,0.00525474,115.591
TEST,3,2500.0,0.0,0.3048,39.6,0.00310138,121.399
TEST,3,500.0,4.8,0.0254,31.7,9.30789E-4,116.128
TEST,9,5000.0,4.8,0.0254,55.5,8.73218E-4,135.484
TEST,3,315.0,8.9,0.1016,71.3,0.0103088,136.583
TEST,3,1600.0,9.5,0.0254,31.7,0.00461377,131.036
TEST,3,1000.0,4.0,0.2286,39.6,0.00473801,129.969
TEST,5,10000.0,2.7,0.1524,39.6,0.00294804,112.589
TEST,5,12500.0,0.0,0.1016,71.3,0.00121072,119.375
TEST,3,500.0,6.7,0.1016,55.5,0.0052139,129.343
TEST,9,4000.0,0.0,0.0254,39.6,4.28464E-4,135.346
TEST,3,630.0,5.4,0.1524,55.5,0.00433288,131.807
TEST,9,5000.0,5.4,0.1524,31.7,0.00525474,115.691
TEST,9,5000.0,22.2,0.0254,39.6,0.0229028,118.816
TEST,5,10000.0,12.7,0.0254,39.6,0.0130253,116.017
TEST,3,2500.0,0.0,0.3048,31.7,0.00331266,120.755
TEST,3,800.0,9.9,0.1524,31.7,0.0252785,125.539
TEST,3,800.0,9.5,0.0254,55.5,0.0043284,128.082
TEST,9,6300.0,4.0,0.2286,71.3,0.00400603,118.618
TEST,5,10000.0,4.8,0.0254,55.5,8.73218E-4,126.944
TEST,3,200.0,17.4,0.0254,55.5,0.0165706,109.951
TEST,3,800.0,7.3,0.2286,31.7,0.0132672,123.209
TEST,3,2500.0,2.0,0.2286,39.6,0.00346574,121.397
TEST,3,500.0,0.0,0.3048,55.5,0.00283081,126.416
TEST,3,315.0,12.3,0.1016,71.3,0.0337792,137.068
TEST,3,800.0,1.5,0.3048,39.6,0.00392107,128.831
TEST,3,2500.0,0.0,0.0508,71.3,7.40478E-4,131.31
TEST,9,4000.0,9.9,0.1524,71.3,0.0193001,115.079
TEST,9,6300.0,12.6,0.1524,71.3,0.0483159,107.284
TEST,9,6300.0,4.2,0.0508,39.6,0.00152689,125.717
TEST,3,2000.0,9.9,0.1524,31.7,0.0252785,116.859
TEST,3,1600.0,5.4,0.1524,39.6,0.00485029,126.267
TEST,3,3150.0,12.6,0.1524,71.3,0.0483159,113.334
TEST,3,400.0,2.0,0.2286,39.6,0.00346574,122.147
TEST,3,2500.0,4.8,0.0254,55.5,8.73218E-4,129.144
TEST,3,2500.0,22.2,0.0254,71.3,0.0214178,126.097
TEST,9,4000.0,0.0,0.3048,71.3,0.00266337,123.061
TEST,9,5000.0,0.0,0.0508,71.3,7.40478E-4,134.43
TEST,3,1000.0,19.7,0.0508,71.3,0.0341183,121.885
TEST,9,6300.0,0.0,0.1016,31.7,0.00150092,124.253
TEST,3,800.0,15.4,0.0508,39.6,0.0282593,128.423
TEST,3,2000.0,0.0,0.3048,39.6,0.00310138,123.689
